Remnant mass [Msun], Kick velocity [km/s], Generation number 
35.08678341190518 7.265074963252845 2.0
41.35498926026802 73.02819531315174 2.0
18.93661284626907 29.12567983314357 2.0
41.50582939054934 608.4127470169784 2.0
33.69560220946653 250.68413313507497 2.0
31.060806535080488 261.0531721056453 2.0
43.72917657222176 88.09418076150551 2.0
46.19518300359749 239.76222629848115 2.0
41.753775116090765 130.11196363387273 2.0
25.1103438713232 149.7954285247434 2.0
17.34914784007907 89.6469773098649 2.0
47.51649350171707 733.6597192710818 2.0
37.72514891431122 23.653272108946467 2.0
31.27239819896329 151.92489476146693 2.0
26.401626607588547 121.99697445417875 2.0
20.333430300614665 18.60445176989175 2.0
26.526945719035957 154.3878160543638 2.0
39.36597385469277 97.43976244660242 2.0
54.31150458977157 845.6270618696652 2.0
35.96624972886454 551.2333707486545 2.0
28.02690311074253 279.4165286573877 2.0
26.209488479199766 155.50711159450182 2.0
35.13747960463012 359.2059162875909 2.0
31.30096794143128 57.31116811034799 2.0
29.101253164580985 103.473697960172 2.0
27.87612708456202 151.48701219406132 2.0
23.171185471256152 160.42643453554334 2.0
38.3348869800171 109.10111421718948 2.0
51.16853609630663 75.676853932698 2.0
17.387708943375443 90.28733972815326 2.0
27.59801210443093 711.7794473522814 2.0
31.91089101281824 452.72766095075264 2.0
33.42650413359178 102.96988700238566 2.0
28.095467574569955 408.8054763170781 2.0
13.93155717521686 33.73174677314033 2.0
28.502884226522603 236.58587693144787 2.0
35.6940403876428 107.18314953938258 2.0
17.46743749959693 247.48739867472008 2.0
24.407056800246444 161.1764283639188 2.0
17.534476938653334 12.154806948381156 2.0
29.801692849890173 137.96538133682105 2.0
38.56117598816658 185.0545242213756 2.0
25.165286825692355 161.825911483674 2.0
24.51847355014922 179.3861875064023 2.0
18.97341322326165 132.68974146794338 2.0
26.347816985309112 21.738065398488708 2.0
13.4834454294975 71.62655350766515 2.0
28.85155447203375 124.9468818529565 2.0
35.61413122372446 118.73534531006756 2.0
36.65124668253959 249.00396158026663 2.0
30.33782662607143 151.21318699188083 2.0
42.67006284683347 98.1481045235012 2.0
23.712031625760066 182.9562073586168 2.0
27.423729165831016 163.7415272277292 2.0
40.70093335759153 95.03453574875108 2.0
16.40559192162464 23.531066602838308 2.0
27.71070059479388 68.16868417486556 2.0
34.21034782797794 63.46911349451572 2.0
19.933727322618655 78.76862331451754 2.0
38.58658742309952 925.8949306828608 2.0
31.71223183674243 32.666284852571366 2.0
13.987150407699058 50.38053562012689 2.0
24.29655914611232 146.16847609138574 2.0
51.40095159418493 552.9105849793635 2.0
31.924983630325457 217.11361452427255 2.0
27.300436875265408 156.95627977985552 2.0
30.489053061384556 185.90282978480192 2.0
19.57956900992877 161.6705095905633 2.0
17.578859746782445 168.05481962254134 2.0
46.5152446739764 85.37717061983038 2.0
43.58164502771039 649.651765097601 2.0
46.79606194103319 152.67450632080366 2.0
23.337372315687546 95.27322625302 2.0
24.92864860961634 173.5337431692481 2.0
21.642960861590584 88.7343560781091 2.0
15.430130088690085 45.2938945230586 2.0
22.238357898847187 160.26930605064226 2.0
38.17455110536791 57.41668738137204 2.0
32.78031012808819 173.44534129095527 2.0
33.8148913474128 162.00087798086486 2.0
36.41245033707006 88.71972585898313 2.0
39.73172712086423 92.58384159089162 2.0
25.175925213812604 118.17741597054489 2.0
43.83979898937559 90.16234193154985 2.0
20.343503975648645 15.075830625774978 2.0
23.11662921091497 112.17683293650826 2.0
27.07414694186589 151.5974948624236 2.0
37.662703939177234 348.4492159038189 2.0
25.370840907113944 182.1171865405693 2.0
42.88133157256982 330.3400889016338 2.0
27.12219678416137 130.4576460317248 2.0
37.74224354962256 208.1388974766237 2.0
20.65920381666928 137.00295060832542 2.0
27.689968629002404 116.38874268974604 2.0
29.16740116802241 135.17285172237936 2.0
45.69326834173638 234.92846932446548 2.0
24.373163280897984 100.17549358376044 2.0
18.75235941147709 86.2484181009814 2.0
60.561658399416096 314.3907349200414 2.0
27.301141073835744 207.72566574773364 2.0
26.535307170949014 141.4912488813422 2.0
26.030392154200715 194.94182052309372 2.0
26.079100852955516 154.81304657780197 2.0
19.413402997323423 198.9727950449084 2.0
37.008665458192354 483.70749210931615 2.0
51.03571359182388 94.08920939395809 2.0
39.54119268030582 169.93469810670206 2.0
27.21279056507481 43.35083190840522 2.0
24.89881255502216 194.83160624018203 2.0
43.14215141986747 134.54239726870523 2.0
16.617329838900233 295.1831644795372 2.0
34.23590696181867 268.6767795568126 2.0
32.00766935264392 105.7581782266728 2.0
25.773178430677124 129.17046914743963 2.0
13.945020596487526 28.41060089403113 2.0
19.635663758078643 256.4711672484596 2.0
27.98646372072148 243.9707600306594 2.0
45.50129965949356 521.7291211418378 2.0
38.32295940712389 50.58759570244949 2.0
26.09465001969866 180.125895341031 2.0
30.32556357106817 150.08955353890462 2.0
26.1212777281852 152.62177018729665 2.0
23.3952721812435 141.16755414816993 2.0
32.74185400420665 140.0418921031069 2.0
33.02864986948848 102.90067760418678 2.0
20.32733900142586 86.40001596980272 2.0
24.49623348385464 181.16549146122264 2.0
15.619888037167271 33.27488424691463 2.0
33.713557932487454 247.47622896318072 2.0
25.37590166331564 106.51836685895393 2.0
19.56570666212573 135.41848285246084 2.0
36.477969955369545 104.87108991561718 2.0
39.00134173278395 322.2224434629702 2.0
39.80631888880514 75.81544337998142 2.0
49.28034746185939 323.26259375308945 2.0
21.51079641852401 146.86636759678234 2.0
38.34552475344607 35.67612415289266 2.0
36.13402889731907 103.97278054819157 2.0
26.522232423003658 189.72184065130517 2.0
24.99024031414873 164.86018330379142 2.0
39.525120334340734 220.43540604803167 2.0
46.65789024986852 90.33471595175664 2.0
16.71715573049438 103.80766418701202 2.0
26.971256560639883 159.04094360342808 2.0
20.148976133535285 237.16521293294016 2.0
40.50375218947009 148.86822216026422 2.0
22.293535117936035 560.6269250101723 2.0
45.32815957598252 160.60250697727122 2.0
32.83774780245096 29.981486705797906 2.0
22.93667072442516 180.47607288848465 2.0
23.153548108522465 395.9185497920592 2.0
27.09576179254968 98.70005162896332 2.0
32.44795398422487 47.07227761312089 2.0
38.26753279965287 136.4328813791806 2.0
17.565036157127654 15.588547322366711 2.0
43.72722109135628 357.7439426951253 2.0
45.965514696096186 97.56385548522948 2.0
34.67074081489022 102.8582133914344 2.0
41.40570501051497 349.9294356600545 2.0
39.75720324270606 66.9790063181529 2.0
27.090389035462927 94.15569268853012 2.0
36.35820061356179 14.559982260228509 2.0
33.75657666085905 53.997697441128565 2.0
18.792452538890437 144.1750906670218 2.0
28.39998926293395 217.62574614686068 2.0
47.88581947589832 318.50015168807806 2.0
39.2872620211952 249.04415930223087 2.0
40.05473624360589 532.216866957552 2.0
29.70426666506108 742.6507563520331 2.0
17.002356920111144 29.811933313347684 2.0
42.36998078674485 33.677318889973385 2.0
23.53696652414349 160.0002335093553 2.0
29.85371090717262 208.111348645456 2.0
26.762183561703893 150.7994920185337 2.0
35.157748983951976 129.3683593247975 2.0
39.49254461191486 17.6360830796094 2.0
43.87824021340879 260.9385994698186 2.0
39.85273841351344 118.49533429139277 2.0
15.60504272599294 175.46177893212538 2.0
48.26671000995503 668.8331809630511 2.0
41.87559823874936 313.74358537893136 2.0
34.98354274621051 71.69445442893094 2.0
33.6620518755237 123.36994125231108 2.0
30.13926968123956 170.4046011620697 2.0
47.09603445353186 137.56939754501406 2.0
29.39654353128184 156.9812906933039 2.0
24.503642147098923 270.3953347161777 2.0
50.26797936340518 103.61363229916982 2.0
46.81567719110981 221.0381860625602 2.0
23.40988684249709 468.69804814900994 2.0
33.99590244478078 26.5656064382058 2.0
35.655545107644144 715.9046929007816 2.0
14.029858276330144 169.19328662893747 2.0
38.72100055862197 30.06294626169663 2.0
29.195327704668134 165.6243457272876 2.0
41.40161167833489 66.84226465338583 2.0
38.847713313694754 67.02278215157196 2.0
36.98266832703455 407.5585734770237 2.0
31.06612486804222 227.05079718011717 2.0
26.93092514155865 576.5455121938744 2.0
32.698473570744014 167.5288191928244 2.0
19.214485934693894 32.32148216527147 2.0
33.2117892268089 137.22903050515734 2.0
43.79767113323294 227.3774757102937 2.0
29.972687836479928 131.80620033661978 2.0
26.32603214057336 161.04093642546863 2.0
35.80437410639835 107.72851236055844 2.0
32.2978447132292 98.54340977432416 2.0
27.275509254596628 145.7499681102911 2.0
25.97736909048486 151.74481132819264 2.0
32.581086874537455 105.50087623096312 2.0
26.199533644484085 181.1879076200546 2.0
15.821434820461338 147.82785388671937 2.0
27.709958243632347 160.6033877959227 2.0
28.490419196636545 161.19089619912268 2.0
50.07198831000255 343.2072819223123 2.0
14.015985495474068 164.33204701179827 2.0
27.184139476603768 267.1392435558228 2.0
25.239955543610684 164.8055982686974 2.0
17.32970192976314 27.465912886400684 2.0
48.91062500599747 535.0581915201834 2.0
32.09319584391657 191.9655188686108 2.0
26.40196192684861 135.6728202770876 2.0
34.57969579029148 152.7597174441627 2.0
25.96104742552214 152.51500623182457 2.0
25.949545984648864 164.97676416776966 2.0
31.34368007280404 172.5979962527227 2.0
46.56247339342837 244.7127806564945 2.0
26.77578978582217 715.9914667140573 2.0
30.64241471407139 168.5996809132576 2.0
34.981345450505835 144.44006332527735 2.0
35.42984243909193 83.14109829621995 2.0
46.25644747906668 397.9294786570604 2.0
23.21803637919131 229.65369173561123 2.0
36.5829257756221 55.30412745109946 2.0
33.953882330734 164.85575685376546 2.0
25.27202702560993 182.8621959286052 2.0
30.520439525392863 456.83507479311066 2.0
38.58417217145887 156.9503084121016 2.0
34.411030866495935 437.0516348754304 2.0
33.26386468108043 132.4724338132627 2.0
25.16720216791131 168.1517577613922 2.0
35.72131094453032 38.12094870490447 2.0
40.92235666026743 561.3179505783643 2.0
29.57947137077981 490.07472190329065 2.0
50.02124569394149 132.17670391960874 2.0
18.10616005906549 24.072756065883645 2.0
44.411182839516265 295.48737994568137 2.0
27.008833791227843 178.6055230001939 2.0
39.60977184473028 143.86580428543292 2.0
22.66312413916647 139.82802881040973 2.0
53.14769956260831 482.22333107529 2.0
25.82754735915615 163.49709717303904 2.0
43.60775461350569 141.6554470499904 2.0
32.232695216835275 80.62945521773123 2.0
25.24501188203988 140.75796528462945 2.0
16.359880232986658 56.896409664981626 2.0
43.87241918011089 600.7506530917934 2.0
40.526474475054165 232.7432739531612 2.0
22.341343379169025 147.6208183565672 2.0
28.325150655768223 130.51993334182325 2.0
38.75960533295287 147.20877943207014 2.0
26.53964822870574 131.77770636980316 2.0
21.649810230806786 398.5363766844409 2.0
35.82531888634582 288.26952420927046 2.0
27.25208248745841 299.0045171852899 2.0
29.04116233621365 238.97833145641417 2.0
28.40149476419275 131.3880620589217 2.0
25.67338586325354 164.33905072208478 2.0
15.654865462795147 13.586011076555176 2.0
33.20630624528907 291.4037318297781 2.0
23.69586882483097 110.75365367737318 2.0
21.794794299988443 140.37292923488093 2.0
32.66335652790857 167.28189328546202 2.0
41.20845126452375 138.96657985512886 2.0
42.9659146434976 665.3264246353737 2.0
28.1905082433561 138.19730023346636 2.0
31.437685056648007 117.75272214187775 2.0
52.397319097007205 291.4922669351597 2.0
32.527184121726684 248.13900825513696 2.0
37.90414024439699 50.954950679574736 2.0
16.599795094593084 153.60335286185904 2.0
48.722805104232016 162.9996197828629 2.0
56.00973576758803 375.69687859069074 2.0
32.16639251116794 227.31858573272424 2.0
30.86734192260375 147.9363384642591 2.0
16.236130585730592 68.7516872869622 2.0
45.893451180517104 188.82753974025655 2.0
25.552827564669613 168.0767078702888 2.0
54.46719194949838 474.11165389412446 2.0
43.01845800351787 113.21471900305988 2.0
16.43699509329767 86.60602239549551 2.0
47.2659673376351 340.22897209204626 2.0
32.87974672907764 200.79754601962685 2.0
28.870661190149207 141.43679425374356 2.0
41.41157667374907 443.8006118942636 2.0
37.72476741602265 53.68360562360054 2.0
25.65889971931848 153.29664179934096 2.0
28.46240842463734 782.2861791020042 2.0
28.691196933223 168.8299979090683 2.0
34.701466002064166 4.3571863815865 2.0
18.745929899622123 34.5891516006153 2.0
21.70339209167425 117.9281398952632 2.0
45.03735360967456 283.7754556709886 2.0
42.46115322082073 183.49058013587396 2.0
28.2593730363049 115.83988754433145 2.0
29.91814537054045 201.3393990990856 2.0
24.552937927449456 98.8763580075546 2.0
26.564197526779317 135.79542577820197 2.0
37.87507111039445 469.2582584150077 2.0
50.89048186185868 117.0754711779801 2.0
18.38566292791012 47.37336766103299 2.0
17.97692321893902 54.28195447912129 2.0
37.92455345372528 59.8201431490339 2.0
37.62667159714726 106.92026597781224 2.0
33.667965714600534 98.94923358608573 2.0
43.657884022442985 171.40890753051457 2.0
14.343019438012393 66.7132811781586 2.0
15.925357782560091 52.22694443791128 2.0
25.87612122412786 156.28040592410812 2.0
21.338194082340827 334.3142469210764 2.0
35.480319721047415 724.4163881481049 2.0
23.8105678526068 141.85013970620074 2.0
19.32908620486463 82.15800322150832 2.0
31.38463182806196 78.26315805303472 2.0
24.788394594761154 105.01184470969032 2.0
45.17184665989311 91.7229998571877 2.0
32.44354723991025 83.18905486148627 2.0
28.310080606066716 171.38966054689172 2.0
27.00735060894479 146.74889528658292 2.0
48.98448267358983 534.3832656919054 2.0
30.33910552062995 139.9073718610077 2.0
25.641792808540465 160.65029242310513 2.0
27.64738627365904 103.71183234885493 2.0
30.990729467501023 139.37495923725885 2.0
34.89987188122806 104.82239715699446 2.0
26.61550297047164 402.7253691011822 2.0
15.520642044297407 28.9325537276128 2.0
42.61951300213677 162.71123394378742 2.0
29.80976764000598 68.05251536814427 2.0
51.01824980351002 208.9693857841971 2.0
29.223283654220467 387.082606602614 2.0
35.55952774749131 58.15038683300372 2.0
23.02918821905741 290.5915836046587 2.0
32.453850782178925 72.91745276663275 2.0
19.01534772481012 166.6984751923048 2.0
52.73711872607951 419.78645142500335 2.0
26.711944325218617 278.6242533698419 2.0
23.298978181069405 145.76122187143858 2.0
38.72236360141169 235.19016488123071 2.0
34.515186740149645 15.704335825203447 2.0
25.235345520951757 156.69889939491244 2.0
28.83616810385165 162.5512950427676 2.0
31.313196709032127 22.199587256287494 2.0
16.351279966990187 45.30100223853902 2.0
40.20064469837943 114.05550366507572 2.0
19.88130793617684 45.07945118004946 2.0
36.7863583004319 395.8104873600031 2.0
32.27079030558256 162.0029473523943 2.0
30.27075621647092 148.90813675389208 2.0
20.590180350594444 118.46742899504125 2.0
15.908141520077592 77.43990464554864 2.0
20.266817956856173 109.7619270897381 2.0
25.528086450962263 229.1756369424362 2.0
45.805007148333566 371.1178114875006 2.0
33.76824842110411 126.83477558119512 2.0
24.95770095028333 134.79790783679113 2.0
29.51405925988956 157.41664213247927 2.0
24.20622979361801 102.57165874789362 2.0
31.057351586069576 187.3254345176653 2.0
25.14661928969593 139.85492995251877 2.0
34.552115014787155 163.95474137139055 2.0
26.33627527586315 159.54101146795898 2.0
44.46926730111355 86.39402294291355 2.0
36.744749860054974 148.74355127431315 2.0
43.33211554694969 111.62792411916952 2.0
17.206452702902652 60.74620788067244 2.0
23.353266035823506 194.23333075312144 2.0
24.148592574259247 128.97954850320852 2.0
27.06972378771958 271.9763140027334 2.0
18.56543372683236 55.31507706987056 2.0
39.03422790980983 136.3177599743352 2.0
36.65222089998506 35.731843240114706 2.0
20.60421163731893 92.54437870966848 2.0
28.306863656604257 95.2007142844874 2.0
17.35468137455514 64.60997708342715 2.0
43.91118504485912 79.93615334095176 2.0
30.68168286403249 156.26232579177005 2.0
26.128275480212974 270.61521464736967 2.0
29.04393225833521 299.90871906607987 2.0
21.215537088969374 188.01781838934264 2.0
37.82781377111927 100.58743968148065 2.0
40.50294441648356 478.9434790347269 2.0
29.98792663081669 149.54859938141007 2.0
35.57249896752589 155.97712966514956 2.0
23.44165193118209 203.58032050044733 2.0
37.84581289161426 152.0200788017209 2.0
49.93487746189326 322.4621098907374 2.0
25.17574186395149 163.20534011240483 2.0
35.00892090158058 609.9419502409404 2.0
25.740242940906697 99.50700533030516 2.0
29.267360792969257 137.01379676067398 2.0
38.42680639815744 113.7089962299208 2.0
25.39468268758749 166.25788158188573 2.0
15.579336267680016 42.790857432766025 2.0
16.197202518708625 74.99384050069018 2.0
31.27231980570517 138.72126874505193 2.0
24.87879282226692 196.67806181467867 2.0
35.95321624207487 18.132998413565304 2.0
38.001502696694565 330.60858571048243 2.0
28.02409822482408 156.66989930718648 2.0
43.40826300408893 94.85278001496602 2.0
25.827311649604777 163.0391693885716 2.0
41.65915471274176 379.7771965371792 2.0
23.940670582099106 160.12561913471393 2.0
29.57602446230632 240.6029892020064 2.0
36.54137782869757 91.32184655930357 2.0
34.835546664815105 305.1306540523032 2.0
26.76349450815726 141.594889482435 2.0
29.887220136449557 168.46104136265316 2.0
31.23077437684259 79.70639450271277 2.0
17.271264062943388 85.17653906516095 2.0
24.454138656222472 158.12748023906687 2.0
34.100722466787275 113.55453939936712 2.0
30.21948920700604 324.81870854961767 2.0
29.525606281352665 115.9640180575098 2.0
41.76261187800311 106.15583766784596 2.0
22.309127831941723 45.71807214785309 2.0
38.19510014117318 343.3049029769164 2.0
31.78747994113774 186.4097006583923 2.0
25.02562806558384 145.36620760522646 2.0
47.77463774672951 216.3975732349531 2.0
42.64355154840475 44.61910349117421 2.0
53.940931916338606 232.6212172707256 2.0
28.52981228077033 37.04261260475534 2.0
48.87017224370471 344.9034207230172 2.0
24.52721257889477 132.98581259493986 2.0
18.320680186726022 65.38931455103958 2.0
18.468087610576323 75.64978954076606 2.0
17.06460979509394 144.3643714726284 2.0
17.307802867658825 125.01112990453908 2.0
29.47288035523208 160.43576395543505 2.0
20.07789246860958 229.58029608042145 2.0
44.458164155827895 237.61186044826547 2.0
26.191264387754718 158.4333430969052 2.0
14.135728448216486 15.621401679655882 2.0
22.306282705203383 432.1016627881062 2.0
16.294417101629378 135.26774591607585 2.0
50.89025769972876 644.547515199081 2.0
18.399420766643665 204.7739319542145 2.0
38.5538691605989 93.95317292503223 2.0
29.897162685824203 430.3034075560367 2.0
23.872833577165487 137.57716010280518 2.0
26.225262541416257 47.85366177940388 2.0
27.210187107275104 177.26383678570838 2.0
20.86851675812853 131.450884939451 2.0
34.289753171434086 276.49523743360663 2.0
34.952413146320865 155.827195782982 2.0
28.88406000591717 152.96199347581853 2.0
24.39202798425872 72.28700586953282 2.0
19.237337712643725 202.57906033347825 2.0
22.711479252760963 156.4971254739106 2.0
31.02471220508699 104.0651887044007 2.0
33.62211197740295 367.73071234378295 2.0
32.927641660899184 427.12770573754506 2.0
35.556223340595515 381.18877479923583 2.0
33.382953754946016 223.15070433196692 2.0
26.693735641075325 148.6473388030394 2.0
35.082954300285074 156.94343689055546 2.0
29.22653771392488 109.61534499333658 2.0
47.921011376309714 112.07197759700234 2.0
26.36174414876948 248.7758322767308 2.0
17.22945796735195 196.90829267434685 2.0
29.100638841341752 194.7212686391479 2.0
42.69027841474136 393.5144572750259 2.0
40.1309984705696 300.8257360379944 2.0
33.228448402352264 161.10533602188207 2.0
42.37663368759707 40.82816247560265 2.0
38.81668114695293 283.183012959068 2.0
25.962754325428357 157.1123412647701 2.0
56.31676690479794 285.12265134944784 2.0
42.80332166857614 158.17130929290963 2.0
33.543935649279675 123.56650895123384 2.0
42.81933515497914 486.5356472690886 2.0
17.9083503585573 71.3272079581489 2.0
41.49569733238506 157.37886909857212 2.0
28.16627088139687 148.67739698143083 2.0
49.12911151321964 946.0168879681082 2.0
22.21625053934613 50.19618127604195 2.0
15.921082928078928 56.22565880994365 2.0
11.917794103421636 19.62340034075578 2.0
43.73201309716019 322.4325936612339 2.0
29.644383010516087 160.62617249721632 2.0
16.15208725454571 102.8484342576606 2.0
16.096631711826927 107.6603408433878 2.0
19.468641499090783 36.25580165573643 2.0
44.19980860712344 247.74804407334625 2.0
35.859823692138995 415.926408128956 2.0
26.309459063678485 194.19334121801305 2.0
50.30560850749416 405.8824743992845 2.0
29.804998285262425 181.0179748816213 2.0
32.34197484493949 102.83401939115232 2.0
49.69951168823012 411.3035404854631 2.0
18.39238318829962 33.15622005290195 2.0
35.74519522417996 204.28864945135655 2.0
40.13696538766108 324.4794163481131 2.0
26.5692678856907 100.34302529352738 2.0
26.77205557926669 144.72791160752695 2.0
21.71567326726836 445.5116349672736 2.0
21.591055191706158 115.12399012495324 2.0
21.60649114893954 254.0191959067485 2.0
27.341038337467868 157.9430937578436 2.0
27.27540265271854 465.27667949890537 2.0
15.457764293068347 56.510844949284746 2.0
32.5800545025792 445.3803579436393 2.0
38.82528855341127 42.61815457857511 2.0
47.1449053182488 131.4603033492544 2.0
33.05512822931834 134.99277434114248 2.0
26.01957660863749 118.38012558222688 2.0
46.42619570266114 77.03699080817182 2.0
29.96507271757377 168.2255714231125 2.0
36.60592306743954 99.30604666184576 2.0
23.90709308939748 559.149965369958 2.0
22.424421098553022 354.27706651720604 2.0
36.04211799286651 154.55247676636768 2.0
37.79940136303795 305.9559554022969 2.0
30.00614972584141 125.1195569321434 2.0
25.70528481121821 134.5285206780196 2.0
26.015372712079557 148.00124801080997 2.0
18.537279779798123 81.82145857185407 2.0
28.655275795203437 134.3898826310145 2.0
34.27830294086803 429.12567705327496 2.0
25.339013689818177 174.68300275927268 2.0
43.22711887970782 132.18547112048446 2.0
39.67251072008218 253.1771774034374 2.0
36.27329375977314 17.58951167759004 2.0
25.191891496912863 157.22963019690957 2.0
26.37675762651094 162.91886038569248 2.0
30.26940302725631 41.19328014450337 2.0
28.05188386980436 144.95764233659648 2.0
33.09618473126082 74.48683568011498 2.0
22.797347907113743 437.4331520928782 2.0
38.9896220185332 198.5324828285668 2.0
25.856305011998806 172.36738533269312 2.0
25.324185159411076 156.8843075942065 2.0
23.715515119426488 140.87514330639564 2.0
42.09329317416245 95.8400534574104 2.0
16.47770992756502 62.28684209298545 2.0
21.75668383561481 286.73380315606926 2.0
36.53193512487532 8.347533277416275 2.0
35.84790225243135 261.0965055422024 2.0
46.60954979365822 143.38486217126808 2.0
47.950568225405405 583.315939160271 2.0
24.152342082044257 165.22324676377147 2.0
40.819601292453584 235.42549034271144 2.0
35.40831104607467 73.78683936330503 2.0
32.941458986728094 103.82767823554964 2.0
27.77834197370695 138.70821471638632 2.0
20.34437097911335 7.52244225833643 2.0
42.15891009569668 526.6898713357671 2.0
32.46308507480192 110.24215705989944 2.0
36.76225030041731 127.322135896298 2.0
15.597594025740165 282.92029338237137 2.0
39.43423647902935 109.17331604389432 2.0
43.30168508051382 93.27861277177776 2.0
20.181852597032176 220.8529396379196 2.0
34.21768815324124 277.4764079118132 2.0
45.60946324399725 155.3002298112078 2.0
16.505077492806635 119.9179300106796 2.0
27.697795808399 144.343932705067 2.0
23.111634437735013 198.4668725617338 2.0
50.26098474992629 98.7783823026618 2.0
32.9216261830396 182.8863476369073 2.0
28.92483089650574 28.15856162049014 2.0
28.96190804452994 172.35280692250703 2.0
34.1628895962431 109.33771042266837 2.0
40.725850349308985 106.25861179031098 2.0
25.101872914602723 214.6053401706218 2.0
18.71615996230209 32.94597936428496 2.0
16.74262478722464 35.43200221671105 2.0
33.321423531878914 29.897034429424878 2.0
35.01801161145873 25.55637116352022 2.0
37.274584660333815 105.3306339268122 2.0
13.78397405073967 34.22732385813341 2.0
34.655960743449285 354.09573236636544 2.0
43.7071823753086 93.14888279902873 2.0
29.509373893737504 208.02941043394324 2.0
14.757201974381614 31.250816580391238 2.0
31.65240462885902 376.080773911035 2.0
23.63195975324871 160.96788309616335 2.0
27.66464264482632 75.44353126680764 2.0
33.03454149941539 189.49063469753537 2.0
28.28443051967593 173.20084812310134 2.0
28.40324443663093 113.95724948758306 2.0
27.07084846471573 158.32877501394267 2.0
34.00764494940586 37.67634735081636 2.0
33.62954683523712 111.38845436295271 2.0
27.37297968526239 138.69365909467555 2.0
28.28106773240467 132.88039662282335 2.0
42.618186306933765 461.0325460283349 2.0
25.25701033720648 146.58356019794138 2.0
47.14241643399754 159.0977998698704 2.0
28.88386468866832 147.33458675070816 2.0
33.255293621653394 139.6155821456894 2.0
31.67083960272643 521.3734046495146 2.0
17.32395995921553 84.88737651341964 2.0
29.72031109962084 241.1170268585844 2.0
36.315962396571365 332.60498633634137 2.0
34.82408045373236 99.34834815839648 2.0
30.904710476065752 142.42731369421412 2.0
23.30846404186376 282.56264347453055 2.0
34.82069168279045 30.023016406363634 2.0
39.126549177862266 409.0770266175721 2.0
45.633146910871424 165.8973588324118 2.0
25.948744406278085 177.32670827782923 2.0
38.00133577687929 188.4239256783946 2.0
39.55544959554359 60.85118300430575 2.0
25.35435236930192 157.75734955659962 2.0
14.288059473683994 49.02485028528325 2.0
27.153052943449765 262.1381974422266 2.0
14.877787327074394 100.36840774137664 2.0
15.258094151361403 79.05230711754537 2.0
29.01066177448594 52.67174105658194 2.0
26.093172951121076 370.0795263809605 2.0
33.126891849933365 143.65812384261164 2.0
30.712802005840203 190.44845584295197 2.0
25.086813349720487 159.8190965862335 2.0
31.453922721634736 83.32825774593334 2.0
41.25895454458989 341.78426525762035 2.0
30.570871084492374 111.4162581813253 2.0
23.166464839647425 183.9217160314108 2.0
47.62652766387916 268.444019078712 2.0
37.85089248282022 259.40715632042844 2.0
17.77980262637525 120.43594909165986 2.0
32.74391403968289 235.14541303442533 2.0
25.11132901556897 171.0850909208296 2.0
23.90434324662961 132.8485946223009 2.0
40.7257495411516 102.22926395695114 2.0
31.881958559322207 112.4865757569417 2.0
31.07452949303336 361.60230789719054 2.0
27.937876392145636 126.62794802329704 2.0
32.63963046215532 237.35785060745147 2.0
36.31173526316062 303.07510425531245 2.0
38.93179994089921 146.9679789741225 2.0
51.95998058135734 103.64573604041144 2.0
17.097270413215178 65.11420321014404 2.0
41.436798088760526 111.9999733525505 2.0
35.461655073554226 25.27408997384208 2.0
27.33493478993815 135.03458490316697 2.0
34.500644996580064 562.2276596614383 2.0
41.71772656408003 373.6916946133042 2.0
27.62001753750856 161.77920412956232 2.0
34.282323731438815 74.79529301751104 2.0
48.42160594918265 149.1737872075181 2.0
41.58377974118154 421.1211876695608 2.0
28.64523190861088 143.1979235371371 2.0
16.06386572085149 62.9743144619475 2.0
28.53619790197707 191.01275543148495 2.0
18.09921277487383 78.02214998212963 2.0
50.77504391824558 186.39164796429677 2.0
21.004111215492596 77.09032414847583 2.0
48.24305812233671 89.69074247182435 2.0
46.56366788866266 217.0402011578239 2.0
27.282973068225967 148.55413126602235 2.0
43.41408971278268 630.8240041577466 2.0
16.842774945236997 42.93601302396791 2.0
27.024055750749337 149.54559323079727 2.0
29.278773560981328 167.43321377013936 2.0
18.820390084531805 147.45949792224957 2.0
28.277658106584248 231.75395602345597 2.0
38.85488008633358 240.49376097531217 2.0
39.81935372212336 120.30122214703466 2.0
18.58909812675103 34.765162088718235 2.0
27.36984271405781 107.26029994414952 2.0
16.23105735232735 51.87342518465728 2.0
39.37786476549441 372.0630071918247 2.0
26.182489380553932 142.31662001148695 2.0
30.25143640862525 581.503494003342 2.0
28.602681285430943 130.78828244871997 2.0
20.546596682420024 383.7819260000579 2.0
25.949477682158538 170.13490765689008 2.0
29.106672378750662 112.93100759277483 2.0
24.453283190534467 147.9101134227858 2.0
20.27367384463833 183.82942382087023 2.0
25.93518686771029 100.20296282201134 2.0
25.403115500280222 158.30290098145804 2.0
22.770619967002467 419.8194587305306 2.0
36.551702577027605 269.44707453432085 2.0
43.9009850689885 113.564767235781 2.0
26.36089920901697 151.17270569258946 2.0
33.523483585108764 167.7618025575716 2.0
30.852549238714676 86.72076448873243 2.0
43.90060798605381 141.19273647735662 2.0
25.348592287279505 193.7890219980117 2.0
22.74229307892376 164.91451197296453 2.0
16.687452551197048 102.83605604008298 2.0
22.71947679287352 115.66290746102304 2.0
37.77545369927749 443.69903907994257 2.0
13.944986958462282 50.38943037841931 2.0
21.89293464393725 152.0171204655064 2.0
33.305280035039566 58.84385621544881 2.0
21.03468986039861 30.676037514650403 2.0
36.61796641217099 96.410122006759 2.0
16.503819577934195 108.00971123661677 2.0
17.002783184062586 45.72589341698796 2.0
41.21357676711754 222.385459726809 2.0
35.47257501723197 28.9309754884686 2.0
25.21422428183553 221.3107731424014 2.0
29.423719570883232 156.2252777673003 2.0
29.75507680818595 396.4098360534557 2.0
34.08188752924925 440.38069368645006 2.0
52.45876617656638 197.44323921847743 2.0
41.66732276398679 83.3490760446607 2.0
32.9748747297344 452.9480421009381 2.0
29.867678451307498 74.04660965725934 2.0
25.329550011512865 163.67188476253537 2.0
31.32535273629573 51.34029597076003 2.0
37.16218983885992 221.21546794187157 2.0
29.358243448546183 139.8007625117892 2.0
24.51346532114251 93.22228514277458 2.0
35.36041180879784 184.66764417306595 2.0
14.829045411134324 72.24318799182747 2.0
34.90017579258891 556.2874709656724 2.0
42.69809140937327 474.94849785564674 2.0
32.923120392054344 40.17206255868621 2.0
26.18516518193267 132.50165426241384 2.0
18.296649528316426 147.9144396623078 2.0
27.471347324758344 116.75608592276404 2.0
44.16618177738962 334.5517224885919 2.0
15.08612149987855 99.01228028669692 2.0
35.7964202945112 188.3427724629881 2.0
40.96456161720235 582.110985375316 2.0
29.16551261082821 146.3090979613698 2.0
29.010603576044588 162.75414103571572 2.0
31.0216771785158 138.21071521437935 2.0
24.292603313097 318.5770029136949 2.0
26.738526704822625 167.48432697928652 2.0
29.16764173354702 167.28895473504485 2.0
25.387377681241343 151.52801038155795 2.0
52.28274454240295 252.26671585179668 2.0
33.43357132971731 319.94630099551205 2.0
27.31811594859467 168.18299598789704 2.0
33.58741602299305 118.67956508356669 2.0
25.826199510125036 203.6478165690509 2.0
15.727717072409254 42.55095581644419 2.0
27.032761987633755 147.22950103560916 2.0
24.823911156753216 129.85341221767516 2.0
24.40914234236281 116.36715863854018 2.0
32.604473105645795 471.492408768412 2.0
37.39632964983193 109.60290369043096 2.0
33.23181115949094 97.10937817935552 2.0
34.74675985136131 203.57785575917737 2.0
28.24705901887189 154.62978889943557 2.0
44.10208563439173 644.5603422379412 2.0
29.021685945419645 164.1079966182609 2.0
25.983926524279013 161.01219574687676 2.0
33.776339296256154 195.7238878393884 2.0
40.50485181350205 249.27095166453424 2.0
25.854055729479867 244.78793561836432 2.0
20.04181557575165 39.34027154015032 2.0
41.81979818024088 121.2116814916391 2.0
19.778972953438046 72.01586572631489 2.0
42.184852687100296 132.15348406756033 2.0
23.9682017300274 182.6378865931557 2.0
28.19599792448426 119.79480885428764 2.0
28.17752625012863 499.5929871492184 2.0
29.770202613355625 396.3505385553334 2.0
43.071790526007234 63.85661891007333 2.0
30.79146402475175 154.15601068718794 2.0
16.201708643394745 66.79542901165335 2.0
19.85607459573977 488.8966078862801 2.0
21.85951153402113 401.9756445219716 2.0
25.052745781976224 241.2388949937568 2.0
33.47269049078276 44.966871180158265 2.0
50.81538706257991 140.34620635423892 2.0
33.18769309817972 25.24327952185329 2.0
36.14465671423963 23.705513003545832 2.0
21.239245525781385 146.7231208736681 2.0
36.36051425794637 285.473513597249 2.0
31.60328811728493 32.30190541197728 2.0
21.83904911861016 109.42469949841748 2.0
21.48589679381906 86.39709883035194 2.0
22.350773307152217 79.50524073589794 2.0
28.14802233077684 317.6827781731571 2.0
31.681422376607483 289.22240797630724 2.0
38.661137286667866 89.57661929422187 2.0
35.659435982839284 82.09072603985835 2.0
27.71798315075408 143.5930994374305 2.0
44.88461057302452 236.1530511065467 2.0
18.926853911664 173.25808683871952 2.0
21.44567724997879 308.0235934645805 2.0
35.41869358900447 30.54660731265005 2.0
31.754797054520044 159.38279041723558 2.0
15.44878536117356 38.346054409099246 2.0
23.75900377653564 675.3169761760972 2.0
34.77155046551806 63.849665455293824 2.0
26.89100037191509 179.40885751875223 2.0
34.87779952452704 100.1445372551566 2.0
23.671478358121213 170.0391999388599 2.0
24.01956390885895 314.44509021758665 2.0
16.94350587975168 55.37607258916925 2.0
22.462252080908552 108.21701258767098 2.0
23.955595506842844 547.2571574846756 2.0
37.87938615914602 84.87777882732627 2.0
23.41269899304049 151.5925468626148 2.0
44.041772215843885 481.2800097340259 2.0
32.38776778443649 742.9157177549059 2.0
15.135051861802712 23.502186505862174 2.0
15.267079552532188 118.84302957338063 2.0
26.7314391075278 153.4452802793566 2.0
33.02330892133587 107.62347779885609 2.0
29.73581617295611 173.05894556681284 2.0
32.120954872946264 549.3084365126446 2.0
27.774849496545496 144.36338565056258 2.0
17.170709843334357 286.6614676724633 2.0
46.99145439953807 76.76657693584677 2.0
28.482904754149747 153.73786442274852 2.0
15.581378951546764 79.4345331269517 2.0
15.055899509209192 81.4604314023871 2.0
22.208349573980986 137.70076329365074 2.0
37.58201126728233 37.12571737718471 2.0
15.205698621711887 29.850745425319875 2.0
38.73615415090109 315.9700832205544 2.0
39.16536509310939 117.14661284891146 2.0
32.48129561571042 202.70946896220664 2.0
44.70933957569572 321.87160288648727 2.0
34.526439199183514 308.31255109530906 2.0
29.1348472377393 159.14282813162717 2.0
30.79848060962347 145.7843991933817 2.0
51.57228055102011 137.69476202326945 2.0
36.3700061575666 175.63973583104567 2.0
11.800831834038332 30.93048901674478 2.0
32.37033229918504 78.34559030211005 2.0
12.822171433150126 106.7505536996918 2.0
26.61629362379516 510.2459165821899 2.0
36.859674262097776 113.6216695770214 2.0
41.61476003178083 387.21882521280753 2.0
27.273522612166865 182.77894686221725 2.0
25.348303814610105 100.80131543605128 2.0
24.543247693618238 120.51914655953712 2.0
27.402113043553346 151.6476947135375 2.0
45.50657115090228 361.6211294963096 2.0
23.02820335949753 433.3222270935889 2.0
43.13071356067598 91.49875344987 2.0
18.15494826791484 302.2889391848344 2.0
28.28404928001896 139.71267089647094 2.0
30.730053413183143 92.79034544607516 2.0
35.262340516098654 494.7079075788388 2.0
20.367419432168653 114.18201266423831 2.0
35.58436903155322 357.0115637325021 2.0
48.33660963390143 445.1826940014942 2.0
16.11494367584609 67.46375674551534 2.0
13.4445142283196 19.42076630915372 2.0
15.508910985836144 111.05278474714936 2.0
22.84992214567308 70.08647788336545 2.0
37.60639285828847 99.13880809843494 2.0
27.27290073095223 117.26603829782036 2.0
32.46114021679874 171.00787706619988 2.0
32.86021326196953 385.4108672947324 2.0
27.435793102800933 104.11327616532049 2.0
36.17685730771913 89.6042998784611 2.0
18.985914997109344 54.3961179498076 2.0
30.480907661743096 161.36956152399438 2.0
34.24876201396623 585.3823611163729 2.0
24.38781589214736 650.855069301263 2.0
51.24376404296137 534.168056562479 2.0
30.50640281104971 169.437433932741 2.0
51.40609316699563 174.47248029914516 2.0
29.82631956054241 281.2231964369868 2.0
40.48852681924868 307.3612938069088 2.0
35.70796468822931 83.23316907666484 2.0
30.63165435986774 455.0983567843363 2.0
31.00069318985181 148.2330644094969 2.0
50.6892146168608 315.5899830583155 2.0
29.52575219913116 118.65104010104233 2.0
29.027065373977877 153.3154177334704 2.0
22.078364744159277 169.46420665761283 2.0
24.52579508237075 142.92842120092527 2.0
39.13188182925367 292.1540398484531 2.0
45.28823500083429 330.4691046890732 2.0
24.630286714070436 83.47013528596777 2.0
27.962947404674637 203.2289802221396 2.0
33.291019966658624 53.59653520125245 2.0
36.18036939251626 197.3789103323392 2.0
46.6728094657638 340.95449885994265 2.0
14.906951130184334 55.211898777922734 2.0
42.87114000625959 116.36636983855678 2.0
15.237228867868083 154.76245840835438 2.0
34.1968901268573 91.75521093004951 2.0
31.705271213247947 81.81921817760129 2.0
27.19219034177051 143.48538181542747 2.0
21.688819655031292 104.51594794555338 2.0
23.454870951316764 210.42234154608636 2.0
20.94042388237976 179.9626649133196 2.0
42.62460925619509 153.10715167762484 2.0
22.198519950367924 173.8248719462157 2.0
38.91492958445782 26.432681056064315 2.0
38.41902194358316 607.1761823231734 2.0
16.143575353210778 27.224243689157507 2.0
26.687345376962643 176.64774625735032 2.0
41.934569136894446 676.7664724031621 2.0
39.64561316687885 359.95352593149573 2.0
35.84602498412978 70.28606142696938 2.0
13.85402851919944 25.416787624500383 2.0
24.314229679482008 64.03646175870566 2.0
38.414159523646816 88.97887560974797 2.0
25.15928585446603 142.14458652782818 2.0
51.043388962795326 193.33515332736985 2.0
51.60120208208097 119.00754212624857 2.0
27.971899441172955 137.04556718548665 2.0
42.44352777288589 173.3623220519869 2.0
18.11127182701537 447.5028503663479 2.0
35.56432096411869 148.46520955236218 2.0
28.73870806273496 169.32735532439372 2.0
20.11664240046627 174.95306306397032 2.0
49.28571115905181 259.30541908223427 2.0
26.314600221662843 116.15304045367232 2.0
33.39986740063811 51.72491266012188 2.0
30.467455074665157 100.00739550090628 2.0
36.538721853325846 302.0508063551597 2.0
46.540132509503046 135.24146481229494 2.0
13.92796279961236 44.62914046912557 2.0
13.83434871460516 81.24695259883248 2.0
42.045443834242 193.436641847463 2.0
22.211624748882 449.9574198421383 2.0
24.90716843535542 141.4180183224035 2.0
37.59241975084466 111.1711397259474 2.0
25.843886227837757 167.51195721513608 2.0
34.5968061678589 505.8493461873778 2.0
38.7229631726537 19.78458087990132 2.0
35.92924767536933 117.53247455413248 2.0
35.51386427806487 38.88962254366383 2.0
41.18288382169042 61.92386752651044 2.0
28.26149938106552 96.31529889662762 2.0
41.03056858226119 133.68956173970662 2.0
27.676575102821985 152.98403362343367 2.0
26.155812312340533 191.46680270904227 2.0
39.84890395443979 147.93273583918827 2.0
34.40799745670898 45.50399766437122 2.0
15.127322139668047 128.19924891492542 2.0
28.455769155367857 103.04864211103978 2.0
25.418053840859 162.98834930215585 2.0
39.57301276861445 30.13876088885648 2.0
37.9467635384816 255.24648312863545 2.0
31.577265796179056 419.52884106526216 2.0
36.2606279221849 56.00015360532644 2.0
30.4937221351905 81.29862668202304 2.0
33.14890491238175 110.4230031408899 2.0
27.091227853038443 162.5006044796547 2.0
36.87206585488363 102.2092713989524 2.0
29.41273773851764 29.14557858843768 2.0
43.51527711340478 79.73146857686262 2.0
30.029710697171303 114.77734295168752 2.0
29.724483148352554 153.52363448300605 2.0
27.01528781847406 206.2044674739494 2.0
33.31845890993942 240.24230688760065 2.0
27.592065770265517 153.42058069460808 2.0
32.73783530654882 211.7055508360102 2.0
30.655848065375828 116.69516997391524 2.0
26.13736180770613 183.92131870598396 2.0
33.90662950511202 239.01437275950013 2.0
41.08972189556152 196.9908753740452 2.0
33.31692574589381 29.520875094090915 2.0
26.845373238240644 137.78438392575256 2.0
23.558536611896823 518.3286082459023 2.0
13.1366255930799 39.47024434156514 2.0
19.201925284590946 162.24085403253952 2.0
30.76182751541299 88.30140944102784 2.0
38.80414544099944 118.48389005516002 2.0
30.84394814457706 227.768488526932 2.0
37.99620376298478 40.79419279532096 2.0
40.85606724581544 111.372517705392 2.0
16.45049919228315 81.48878301062811 2.0
31.914564767313777 167.56886150463265 2.0
38.907629663769306 46.51753128377879 2.0
41.90687287516901 361.5734380373473 2.0
49.72565068497869 699.9253536769919 2.0
29.25348089560525 124.40879804889975 2.0
40.80108189079039 68.57948029080273 2.0
21.44664903530605 172.9640309701585 2.0
23.44097888974396 718.4975852691621 2.0
31.47838959766693 142.78956259261602 2.0
13.595692905029868 56.71869061403873 2.0
28.89657465644355 278.2117162793844 2.0
31.58717640884805 116.94295943254666 2.0
28.627043981427526 229.9751290040514 2.0
15.483000515488005 61.9019480223736 2.0
16.38611450823012 116.9441738589313 2.0
37.4191270019049 52.33843390644401 2.0
25.211936419463587 155.92273151509332 2.0
30.59331016543724 154.4815347419493 2.0
42.40070107574227 79.44795850363434 2.0
23.603127172700603 391.1934896985424 2.0
24.05141194010501 115.34669324018788 2.0
38.75680038950823 346.618564974903 2.0
39.15139442062533 53.43225605090241 2.0
18.11078229641449 73.37004421406655 2.0
22.970093373503488 148.67754778302154 2.0
44.44086914865191 474.5589931816135 2.0
17.39967006094507 134.629717496569 2.0
31.774436559270708 59.16884383815232 2.0
34.704727615703106 143.869238415638 2.0
44.01452141069446 182.92980595054945 2.0
33.11742234261152 120.23556047909294 2.0
46.41088726062809 87.87577553133929 2.0
30.569213554698024 17.28361308060814 2.0
36.01012786873163 100.487463591815 2.0
26.51405797107448 106.63999586257948 2.0
37.93438665660345 94.48925452364672 2.0
26.02960298434943 208.7334050043422 2.0
27.8480412217712 111.94086798325829 2.0
18.039735217244527 94.56530950292236 2.0
15.216667859007975 106.7829017456808 2.0
40.40841774115057 48.71689279026706 2.0
52.33342288311926 148.11275153228473 2.0
18.327089462229612 144.16259828715232 2.0
23.405585021398416 121.95446786373373 2.0
32.72648870144372 134.5510274280057 2.0
26.785491194961367 222.6515689809712 2.0
48.12780188350657 103.13484325502006 2.0
41.947730147002005 392.5099365979301 2.0
31.90092768372329 115.49795494560638 2.0
26.552501538171743 134.4732152225622 2.0
30.991205332640565 226.2975026611276 2.0
34.2812833194058 214.00940329654009 2.0
31.041925391977884 254.7975323333821 2.0
16.720801655309586 132.66586964183668 2.0
44.72058892084881 270.5400947333577 2.0
22.02155652462324 156.08899394622136 2.0
15.442454887441054 85.71053462835059 2.0
31.230888773553687 187.56693662785275 2.0
20.97305566418673 538.2503426402587 2.0
38.39690702951629 31.8902285704601 2.0
23.04447751998493 154.95716402399873 2.0
27.532414749533597 306.8573446758904 2.0
26.289444981513636 144.69387160576468 2.0
36.779207944332846 113.02232393032708 2.0
25.82325413131462 54.38532252093279 2.0
23.712184335221675 149.71056623389765 2.0
38.98113404075827 400.04204349485633 2.0
15.176234292365642 203.8188301703531 2.0
53.50098495434058 237.1375747415896 2.0
40.79084144159377 315.71132805714933 2.0
20.74424396042619 68.08766035038872 2.0
34.731667571381735 26.281093730036208 2.0
23.106809618069796 132.72363397742765 2.0
36.69174179787557 108.0582448021251 2.0
40.38103393192891 313.20007862322257 2.0
34.70353496474328 49.513465336902414 2.0
14.7040088728253 125.28287441595218 2.0
14.088982664863924 56.5657531867053 2.0
32.48742724683054 293.0934347032345 2.0
18.14727752215134 155.29482658293117 2.0
25.173322455566133 221.21779631279517 2.0
41.35498926026802 73.02819531315174 3.0
49.36469783147844 100.93029665660174 3.0
40.59156976468133 185.86122604584543 3.0
36.6702947350398 233.92638548524508 3.0
58.455401325444825 632.066008348848 3.0
60.790344652052376 104.62487790098416 3.0
49.09029714839187 340.91744708896346 3.0
58.96649417204666 146.98917628623175 3.0
39.36597385469277 97.43976244660242 3.0
61.1317828744309 105.12436755676204 3.0
54.83276519510702 492.73759610518704 3.0
50.38802020171995 284.0682910972601 3.0
29.101253164580985 103.473697960172 3.0
43.65570472208686 189.52154487781164 3.0
59.10250856262473 143.54047197314097 3.0
43.00255478940355 115.54110841656684 3.0
31.91089101281824 452.72766095075264 3.0
33.42650413359178 102.96988700238566 3.0
28.095467574569955 408.8054763170781 3.0
53.68266612848426 100.98420471668904 3.0
35.61413122372446 118.73534531006756 3.0
36.65124668253959 249.00396158026663 3.0
42.67006284683347 98.1481045235012 3.0
38.58658742309952 925.8949306828608 3.0
58.518892717114085 309.1755388040778 3.0
48.25292119487556 527.145939347773 3.0
61.1487460181925 225.46351283638847 3.0
43.58164502771039 649.651765097601 3.0
46.79606194103319 152.67450632080366 3.0
40.40849593000541 145.79564582964483 3.0
44.03019732621346 298.32056810156774 3.0
47.3896880478223 61.48158667792361 3.0
52.82989043492038 92.73507398558536 3.0
65.48558760676515 167.7663806658683 3.0
40.507462065585045 454.96685041480526 3.0
37.008665458192354 483.70749210931615 3.0
67.55620726670881 689.5430038124532 3.0
43.14215141986747 134.54239726870523 3.0
34.23590696181867 268.6767795568126 3.0
32.00766935264392 105.7581782266728 3.0
50.71517489007955 112.72961890854842 3.0
33.02864986948848 102.90067760418678 3.0
49.09039871038272 91.13519105237584 3.0
51.51082131029811 642.5671479591058 3.0
55.41496635716457 516.4335271028356 3.0
49.28034746185939 323.26259375308945 3.0
41.85522767681434 90.73399391588369 3.0
45.19424067475623 265.925633823649 3.0
61.89633669462383 299.87282753683974 3.0
40.50375218947009 148.86822216026422 3.0
22.293535117936035 560.6269250101723 3.0
45.32815957598252 160.60250697727122 3.0
42.05701896966345 118.44556098427984 3.0
46.67903793179802 306.7017335561232 3.0
43.72722109135628 357.7439426951253 3.0
45.965514696096186 97.56385548522948 3.0
41.40570501051497 349.9294356600545 3.0
42.6887445245351 423.4297361409186 3.0
47.88581947589832 318.50015168807806 3.0
39.2872620211952 249.04415930223087 3.0
40.05473624360589 532.216866957552 3.0
35.99947867131238 201.3302852222297 3.0
23.53696652414349 160.0002335093553 3.0
41.14252599020426 310.93394071478474 3.0
43.87824021340879 260.9385994698186 3.0
62.89017840420127 168.99572957667465 3.0
56.96906150334431 242.18648244660383 3.0
40.745710649545565 94.52456300225946 3.0
36.134938239492925 344.4320296351609 3.0
47.09603445353186 137.56939754501406 3.0
50.26797936340518 103.61363229916982 3.0
46.81567719110981 221.0381860625602 3.0
29.77542497643863 103.68952256951624 3.0
50.45994960549293 96.4806480238452 3.0
57.286424489324006 250.08670322964429 3.0
36.98266832703455 407.5585734770237 3.0
31.06612486804222 227.05079718011717 3.0
26.93092514155865 576.5455121938744 3.0
41.6613199991028 179.93386673783235 3.0
49.105181084684006 216.96160131660267 3.0
50.7500414471455 527.5562874910149 3.0
32.581086874537455 105.50087623096312 3.0
56.71456109791718 117.20348180732113 3.0
48.91062500599747 535.0581915201834 3.0
32.09319584391657 191.9655188686108 3.0
55.19263239727566 168.25822949035515 3.0
26.77578978582217 715.9914667140573 3.0
59.83564666303484 289.589622437938 3.0
23.21803637919131 229.65369173561123 3.0
49.35098515989229 533.3781770887705 3.0
44.09645818262584 403.458359296114 3.0
38.58417217145887 156.9503084121016 3.0
53.02642161851109 111.05690773072132 3.0
40.92235666026743 561.3179505783643 3.0
45.31675597963289 127.94115715894152 3.0
64.67403625507143 438.1549114961422 3.0
44.411182839516265 295.48737994568137 3.0
39.60977184473028 143.86580428543292 3.0
53.14769956260831 482.22333107529 3.0
49.99184285673572 362.3877719773509 3.0
43.87241918011089 600.7506530917934 3.0
40.526474475054165 232.7432739531612 3.0
38.75960533295287 147.20877943207014 3.0
21.649810230806786 398.5363766844409 3.0
42.17935949771671 272.89919776127266 3.0
42.65059867857431 506.6486123712135 3.0
33.20630624528907 291.4037318297781 3.0
40.87309605091844 168.92864278761488 3.0
42.9659146434976 665.3264246353737 3.0
31.437685056648007 117.75272214187775 3.0
52.397319097007205 291.4922669351597 3.0
32.527184121726684 248.13900825513696 3.0
62.31962554527501 179.7309798101462 3.0
56.00973576758803 375.69687859069074 3.0
32.16639251116794 227.31858573272424 3.0
36.20315570361223 312.8445852387434 3.0
54.080399853855056 88.0124093907759 3.0
31.06869879227879 97.8960686215102 3.0
54.46719194949838 474.11165389412446 3.0
58.28327883353455 378.042342236818 3.0
47.2659673376351 340.22897209204626 3.0
47.71360989581759 329.01080951835416 3.0
47.17606291064979 230.2195250821341 3.0
28.46240842463734 782.2861791020042 3.0
53.276420438318816 240.90546038669208 3.0
50.71799008586487 380.3962843054222 3.0
29.91814537054045 201.3393990990856 3.0
53.76531603837921 232.524295796992 3.0
68.60217333434142 506.7935647146817 3.0
37.62667159714726 106.92026597781224 3.0
41.03274822517458 300.99110950699765 3.0
50.06140873972189 136.86738997763044 3.0
21.338194082340827 334.3142469210764 3.0
35.480319721047415 724.4163881481049 3.0
45.17184665989311 91.7229998571877 3.0
55.62875022867996 344.24287239871376 3.0
43.01360595351337 512.1740585254998 3.0
34.47077198777223 450.0090561938216 3.0
48.63517688072712 132.9293139603919 3.0
63.76782837257021 420.060304499936 3.0
29.223283654220467 387.082606602614 3.0
23.02918821905741 290.5915836046587 3.0
52.73711872607951 419.78645142500335 3.0
26.711944325218617 278.6242533698419 3.0
38.72236360141169 235.19016488123071 3.0
46.69148810773934 150.8394591614352 3.0
51.41994689261225 132.7046225426593 3.0
45.805007148333566 371.1178114875006 3.0
49.14206613616495 477.4420457946184 3.0
24.20622979361801 102.57165874789362 3.0
44.46926730111355 86.39402294291355 3.0
49.21707075915592 235.14297654296675 3.0
39.03422790980983 136.3177599743352 3.0
43.91118504485912 79.93615334095176 3.0
30.68168286403249 156.26232579177005 3.0
26.128275480212974 270.61521464736967 3.0
40.50294441648356 478.9434790347269 3.0
49.93487746189326 322.4621098907374 3.0
35.00892090158058 609.9419502409404 3.0
44.23547325271921 207.8315194072836 3.0
46.02097362165823 101.16735630213404 3.0
57.91212557665033 356.50372931603533 3.0
41.65915471274176 379.7771965371792 3.0
35.96674929171222 747.9205410520826 3.0
34.835546664815105 305.1306540523032 3.0
34.100722466787275 113.55453939936712 3.0
38.45388480511023 420.4019323388839 3.0
47.43773412577614 135.5898644062887 3.0
54.47863588749012 188.49118269732327 3.0
65.49684733693456 263.8222524456159 3.0
56.93090790357412 203.14886744576597 3.0
44.458164155827895 237.61186044826547 3.0
22.306282705203383 432.1016627881062 3.0
50.89025769972876 644.547515199081 3.0
36.04087088573839 424.1386093870465 3.0
46.48741758050759 112.30599570665038 3.0
54.26134244914813 267.68641246353303 3.0
40.310074454369925 238.3209960555239 3.0
43.79331672115702 337.20681296255094 3.0
48.37912791984722 124.52110879779762 3.0
42.31388639123604 254.1039518716152 3.0
35.65828012470206 487.3459439442429 3.0
47.921011376309714 112.07197759700234 3.0
26.36174414876948 248.7758322767308 3.0
50.5539052315558 244.59985254694396 3.0
40.1309984705696 300.8257360379944 3.0
52.86703836199206 125.2646961714955 3.0
62.167501999875775 61.727300667656266 3.0
48.33343826757528 176.49752083698422 3.0
33.543935649279675 123.56650895123384 3.0
62.82310890650522 437.1364152622807 3.0
41.49569733238506 157.37886909857212 3.0
56.71216387542596 209.06385395761504 3.0
43.73201309716019 322.4325936612339 3.0
60.431032117256926 387.8435134301293 3.0
43.34067509424494 229.9386306500384 3.0
35.402138176413004 132.61282297299016 3.0
32.34197484493949 102.83401939115232 3.0
56.4967167959793 180.85534666620532 3.0
35.74519522417996 204.28864945135655 3.0
40.13696538766108 324.4794163481131 3.0
28.573520576682505 433.570011508127 3.0
37.48696167393169 301.9798358735805 3.0
21.60649114893954 254.0191959067485 3.0
27.27540265271854 465.27667949890537 3.0
50.8499727227085 613.0041274079529 3.0
55.63649355437388 139.62167901479827 3.0
40.2991153610043 97.95341114916026 3.0
26.01957660863749 118.38012558222688 3.0
60.78672502627318 158.28875536408384 3.0
39.40963537876348 741.5972096523158 3.0
35.1637543371301 168.51268886580866 3.0
37.79940136303795 305.9559554022969 3.0
30.00614972584141 125.1195569321434 3.0
34.27830294086803 429.12567705327496 3.0
43.22711887970782 132.18547112048446 3.0
39.67251072008218 253.1771774034374 3.0
28.87407044598992 108.20074588542728 3.0
47.77718027617139 148.94017543132915 3.0
37.5322111844372 200.0093920423666 3.0
44.08854897620279 131.38194593278106 3.0
46.60954979365822 143.38486217126808 3.0
47.950568225405405 583.315939160271 3.0
54.93329489306913 752.6038812935362 3.0
38.12931627190569 134.42648801020883 3.0
39.43423647902935 109.17331604389432 3.0
58.3076068897313 104.33624197557478 3.0
34.21768815324124 277.4764079118132 3.0
52.13591274945368 128.20421913178242 3.0
27.53042910772523 129.68347379426717 3.0
50.26098474992629 98.7783823026618 3.0
32.9216261830396 182.8863476369073 3.0
38.72851850238579 346.513081439206 3.0
40.725850349308985 106.25861179031098 3.0
37.274584660333815 105.3306339268122 3.0
47.33395117990729 154.63543614929097 3.0
43.7071823753086 93.14888279902873 3.0
31.65240462885902 376.080773911035 3.0
39.19111332837973 145.1954946904711 3.0
28.28443051967593 173.20084812310134 3.0
28.40324443663093 113.95724948758306 3.0
41.414140480378 117.96002725772274 3.0
48.756347340760286 283.2092489980705 3.0
47.14241643399754 159.0977998698704 3.0
31.67083960272643 521.3734046495146 3.0
35.44911602240879 100.8567239405548 3.0
37.22904430609412 148.2097561714136 3.0
39.126549177862266 409.0770266175721 3.0
38.00133577687929 188.4239256783946 3.0
41.25895454458989 341.78426525762035 3.0
61.06727071212398 102.98656080141896 3.0
37.85089248282022 259.40715632042844 3.0
32.74391403968289 235.14541303442533 3.0
40.7257495411516 102.22926395695114 3.0
31.881958559322207 112.4865757569417 3.0
42.94195769646731 209.97781468259777 3.0
36.31173526316062 303.07510425531245 3.0
59.27603872688712 114.09603301980547 3.0
47.236484469591865 95.32988461416215 3.0
50.283720508729765 585.3071843496016 3.0
56.84005037110146 136.74189871215688 3.0
48.42160594918265 149.1737872075181 3.0
41.58377974118154 421.1211876695608 3.0
34.60188121200294 139.00066827467612 3.0
50.77504391824558 186.39164796429677 3.0
67.85588223270378 457.0905800326692 3.0
64.90520522566945 553.5756093380601 3.0
43.41408971278268 630.8240041577466 3.0
38.85488008633358 240.49376097531217 3.0
39.81935372212336 120.30122214703466 3.0
42.93514438560752 536.9058189363706 3.0
39.37786476549441 372.0630071918247 3.0
36.30720393972657 122.2851958028061 3.0
20.546596682420024 383.7819260000579 3.0
33.11661963647854 767.2335647934472 3.0
28.33555805874456 119.15310752672704 3.0
36.551702577027605 269.44707453432085 3.0
43.9009850689885 113.564767235781 3.0
33.523483585108764 167.7618025575716 3.0
56.54034689214012 136.6131935329781 3.0
37.77545369927749 443.69903907994257 3.0
41.21357676711754 222.385459726809 3.0
44.85116278973993 240.49886828208105 3.0
29.75507680818595 396.4098360534557 3.0
42.02635835196319 143.72156886538522 3.0
52.45876617656638 197.44323921847743 3.0
56.34238840287869 299.37799799133467 3.0
48.988254642451125 761.5563049753846 3.0
35.36041180879784 184.66764417306595 3.0
34.90017579258891 556.2874709656724 3.0
50.35051652673924 464.5634868328994 3.0
51.07849213362612 82.88722610295983 3.0
42.4043247268776 303.8366297421081 3.0
47.01127147784912 93.93808792900204 3.0
49.15000081797296 617.715419712424 3.0
36.28001864795558 156.50633140685275 3.0
57.377301740967454 110.47147190771176 3.0
33.43357132971731 319.94630099551205 3.0
33.27323036183477 755.0078268006165 3.0
37.7327077808092 302.795669460888 3.0
44.199113603242886 178.70492967448934 3.0
33.23181115949094 97.10937817935552 3.0
34.74675985136131 203.57785575917737 3.0
40.50485181350205 249.27095166453424 3.0
25.854055729479867 244.78793561836432 3.0
46.5214793502897 183.1366804967945 3.0
42.184852687100296 132.15348406756033 3.0
30.209907289385903 239.49982332162065 3.0
28.17752625012863 499.5929871492184 3.0
35.46787671112573 162.1479852742285 3.0
19.85607459573977 488.8966078862801 3.0
21.85951153402113 401.9756445219716 3.0
64.73334925100131 186.1463911310226 3.0
36.36051425794637 285.473513597249 3.0
28.14802233077684 317.6827781731571 3.0
44.0452370785646 98.5551150618515 3.0
55.50338320523158 440.6905975271572 3.0
52.79245959839349 129.42114051835824 3.0
23.75900377653564 675.3169761760972 3.0
42.589371241666186 555.180287276768 3.0
34.87779952452704 100.1445372551566 3.0
36.445557200289535 357.8834250645628 3.0
23.955595506842844 547.2571574846756 3.0
37.87938615914602 84.87777882732627 3.0
44.041772215843885 481.2800097340259 3.0
52.94180314330836 309.722401726 3.0
33.02330892133587 107.62347779885609 3.0
37.74435932084058 331.9849691020713 3.0
54.72757043076067 187.6915040632358 3.0
28.482904754149747 153.73786442274852 3.0
49.48189993952518 417.7878041975692 3.0
44.21292717532391 337.3068388385383 3.0
32.48129561571042 202.70946896220664 3.0
44.70933957569572 321.87160288648727 3.0
34.526439199183514 308.31255109530906 3.0
57.26377210940339 65.41232866230851 3.0
32.37033229918504 78.34559030211005 3.0
37.38095498578938 121.24038577740052 3.0
44.50047245969377 555.2910813795647 3.0
41.61476003178083 387.21882521280753 3.0
57.47527293969487 102.8682831142481 3.0
23.02820335949753 433.3222270935889 3.0
43.13071356067598 91.49875344987 3.0
38.00689899944265 483.24143633800446 3.0
43.54736828090665 148.0296657592227 3.0
40.93943127374712 135.8923238451883 3.0
61.91280754734542 202.83865467640425 3.0
37.60639285828847 99.13880809843494 3.0
27.27290073095223 117.26603829782036 3.0
47.88065219934146 568.8152969443915 3.0
27.435793102800933 104.11327616532049 3.0
34.24876201396623 585.3823611163729 3.0
24.38781589214736 650.855069301263 3.0
51.24376404296137 534.168056562479 3.0
59.51593424574741 283.3760129185029 3.0
35.79625716172935 196.21386108217283 3.0
46.09037650418703 466.2087045917338 3.0
41.43542131314631 297.8575447129196 3.0
50.6892146168608 315.5899830583155 3.0
34.30677678445667 228.7087292303353 3.0
34.3787582621792 557.6659060062344 3.0
32.88928921720784 326.95122351547934 3.0
53.451499916882085 598.7402560952521 3.0
51.200234783967495 71.04648465652582 3.0
42.87114000625959 116.36636983855678 3.0
34.1968901268573 91.75521093004951 3.0
46.55628219518606 731.6821279310703 3.0
21.688819655031292 104.51594794555338 3.0
42.62460925619509 153.10715167762484 3.0
53.515652413954896 372.09733842572086 3.0
56.88377295020489 170.5026163612688 3.0
47.042255002982 170.83517536286672 3.0
66.57712068567388 593.8852362763296 3.0
62.267492956386334 172.47175221355124 3.0
62.57893888087782 712.1257020926066 3.0
18.11127182701537 447.5028503663479 3.0
49.28571115905181 259.30541908223427 3.0
36.538721853325846 302.0508063551597 3.0
46.540132509503046 135.24146481229494 3.0
42.045443834242 193.436641847463 3.0
27.985766062949526 457.2030902246898 3.0
37.59241975084466 111.1711397259474 3.0
34.5968061678589 505.8493461873778 3.0
46.94748774815901 128.22806398882366 3.0
47.97895715312429 177.93053070886685 3.0
28.455769155367857 103.04864211103978 3.0
43.58734485388047 213.51375560671835 3.0
31.577265796179056 419.52884106526216 3.0
43.2815806937725 291.99663697966633 3.0
33.14890491238175 110.4230031408899 3.0
43.51527711340478 79.73146857686262 3.0
37.76207114564824 212.17172342816195 3.0
39.27628771562253 120.04404557901904 3.0
32.73783530654882 211.7055508360102 3.0
44.97819608557424 129.78407148417617 3.0
33.90662950511202 239.01437275950013 3.0
56.44934116225031 97.72739043828687 3.0
28.94264100567095 217.55864262248116 3.0
45.29734250078657 275.6496340447499 3.0
30.84394814457706 227.768488526932 3.0
54.26517392387085 108.47437987006133 3.0
41.90687287516901 361.5734380373473 3.0
49.72565068497869 699.9253536769919 3.0
23.44097888974396 718.4975852691621 3.0
28.89657465644355 278.2117162793844 3.0
31.58717640884805 116.94295943254666 3.0
36.83891615288472 465.3062130062639 3.0
48.46612727957567 80.0959896746916 3.0
29.84376653300156 599.4338703192898 3.0
49.16158099917525 310.73884352557553 3.0
62.94932367477772 539.0033938372718 3.0
58.83394013435787 583.3081340496489 3.0
33.11742234261152 120.23556047909294 3.0
46.41088726062809 87.87577553133929 3.0
58.766098318000026 68.6140613032535 3.0
48.29549182857219 169.81842245443733 3.0
26.785491194961367 222.6515689809712 3.0
48.12780188350657 103.13484325502006 3.0
41.947730147002005 392.5099365979301 3.0
40.439969874293375 281.2042806449096 3.0
30.991205332640565 226.2975026611276 3.0
34.2812833194058 214.00940329654009 3.0
46.08613932949429 614.3495872883811 3.0
51.75512099579845 238.2527078315219 3.0
31.230888773553687 187.56693662785275 3.0
31.38021108903673 232.99497647064123 3.0
44.67959220090624 204.847787444659 3.0
53.50098495434058 237.1375747415896 3.0
40.79084144159377 315.71132805714933 3.0
51.9069915184746 951.55911878707 3.0
56.1758552817308 109.14274144440228 3.0
53.158402133304456 168.47495802797764 3.0
49.36469783147844 100.93029665660174 4.0
56.02419754593727 216.69483128985505 4.0
36.6702947350398 233.92638548524508 4.0
63.81928108634835 50.975298962800565 4.0
60.790344652052376 104.62487790098416 4.0
49.09029714839187 340.91744708896346 4.0
67.06836869991868 229.9687665517711 4.0
67.40802484405634 104.51897935720874 4.0
54.83276519510702 492.73759610518704 4.0
56.39761255779506 333.3312828661927 4.0
49.91367417758444 231.27950897592345 4.0
59.10250856262473 143.54047197314097 4.0
49.42331689205469 474.4324847701925 4.0
69.54006969288727 340.06279615501006 4.0
58.518892717114085 309.1755388040778 4.0
48.25292119487556 527.145939347773 4.0
69.01849987868263 116.91398872415432 4.0
56.07322449424792 612.478620609623 4.0
44.03019732621346 298.32056810156774 4.0
47.3896880478223 61.48158667792361 4.0
60.16555754688954 220.86835088375483 4.0
65.48558760676515 167.7663806658683 4.0
55.567165315628905 498.4343130740045 4.0
73.07119380551181 104.8423623928916 4.0
59.20213670436644 469.1762723706097 4.0
54.193663756781405 89.6288263729974 4.0
64.86555649873056 256.61833512750576 4.0
55.41496635716457 516.4335271028356 4.0
41.85522767681434 90.73399391588369 4.0
45.19424067475623 265.925633823649 4.0
76.47551189759717 336.8082552131946 4.0
47.63281283313522 173.19105653223622 4.0
48.30833665029533 117.03086857442368 4.0
35.99947867131238 201.3302852222297 4.0
41.14252599020426 310.93394071478474 4.0
77.1832131815533 130.84357696958162 4.0
64.16100176650826 91.15121467660168 4.0
55.80122998678579 554.3158048850923 4.0
44.17349055995902 225.5190490317513 4.0
44.64470598838385 180.4237901033176 4.0
55.93020551709081 59.04739858593958 4.0
57.286424489324006 250.08670322964429 4.0
41.6613199991028 179.93386673783235 4.0
56.257097579753214 117.63170635054958 4.0
50.7500414471455 527.5562874910149 4.0
56.71456109791718 117.20348180732113 4.0
69.2806746352863 451.40450358489824 4.0
59.83564666303484 289.589622437938 4.0
61.50562191389695 176.81873575072228 4.0
59.05624060621961 720.8999029544376 4.0
53.02642161851109 111.05690773072132 4.0
55.894278147842456 101.3415433713596 4.0
64.67403625507143 438.1549114961422 4.0
49.99184285673572 362.3877719773509 4.0
42.17935949771671 272.89919776127266 4.0
54.776622969827606 203.75725693195184 4.0
53.75861906005928 205.21294380224424 4.0
68.89405014319021 108.44678202231732 4.0
41.854955103319725 90.36409220524745 4.0
54.080399853855056 88.0124093907759 4.0
39.07623252278277 227.0010666997373 4.0
73.68331818977425 354.493209529812 4.0
47.71360989581759 329.01080951835416 4.0
57.714770775686745 446.3151394682074 4.0
60.28568539120452 95.22454450031346 4.0
50.71799008586487 380.3962843054222 4.0
68.80911730807996 160.13295650344813 4.0
75.88838263019355 96.72089587159996 4.0
55.90029054058955 108.5015358817555 4.0
63.99443202265724 470.1722300061479 4.0
55.62875022867996 344.24287239871376 4.0
43.01360595351337 512.1740585254998 4.0
34.47077198777223 450.0090561938216 4.0
55.24108634624444 315.844045089205 4.0
80.54537960612227 205.40612845447097 4.0
52.88849515926409 232.78860929352984 4.0
63.318302606898754 215.77845438739624 4.0
53.62502000544638 79.75197234808334 4.0
49.21707075915592 235.14297654296675 4.0
50.88980151051626 108.98068471685062 4.0
53.31602155866023 521.8294115795551 4.0
57.91212557665033 356.50372931603533 4.0
40.64798329934819 79.31315670260342 4.0
38.45388480511023 420.4019323388839 4.0
61.68519965209038 802.9186327150323 4.0
54.47863588749012 188.49118269732327 4.0
74.60050520981045 100.68754367425194 4.0
67.58806805973444 137.4957422809328 4.0
45.725656789829394 382.62292733844384 4.0
46.48741758050759 112.30599570665038 4.0
54.26134244914813 267.68641246353303 4.0
47.13334480822086 98.32740512381392 4.0
51.615029211251695 211.53977892445343 4.0
48.37912791984722 124.52110879779762 4.0
54.36413847319736 365.76787059986 4.0
40.959322736071165 160.62712141665506 4.0
57.97276477948768 80.36959961684578 4.0
65.6866079663447 315.82747908499243 4.0
69.93644963887003 68.93511119627621 4.0
53.715229211281375 238.5888577878972 4.0
62.82310890650522 437.1364152622807 4.0
56.71216387542596 209.06385395761504 4.0
67.75334051295935 279.7816331026761 4.0
56.3034408638313 880.7700378218013 4.0
52.82138841602104 263.24488379883803 4.0
56.4967167959793 180.85534666620532 4.0
28.573520576682505 433.570011508127 4.0
37.48696167393169 301.9798358735805 4.0
61.78799894470112 497.6543548540712 4.0
55.63649355437388 139.62167901479827 4.0
40.2991153610043 97.95341114916026 4.0
60.78672502627318 158.28875536408384 4.0
44.99575600534514 105.66633755184937 4.0
41.57919308194898 478.9446217705356 4.0
38.13212381832502 474.89855523387 4.0
47.77718027617139 148.94017543132915 4.0
37.5322111844372 200.0093920423666 4.0
48.290825251655136 134.39647166429455 4.0
54.93329489306913 752.6038812935362 4.0
46.05659487180155 254.9463186412083 4.0
64.73963918709713 60.31508465152208 4.0
58.71622514577783 93.12299746358045 4.0
40.91097486772858 462.54763564439634 4.0
38.72851850238579 346.513081439206 4.0
62.57140836719384 104.11283611122344 4.0
44.55841442733361 102.86681513828236 4.0
57.39838651707533 250.44131753859716 4.0
60.536992264339816 141.2878449023696 4.0
41.86479780880164 102.53575742204347 4.0
51.92091069402594 475.0076040406751 4.0
68.48291570080343 248.71404224076264 4.0
55.03655360169882 247.1364730528024 4.0
66.07292691692841 273.39456814329753 4.0
47.236484469591865 95.32988461416215 4.0
50.283720508729765 585.3071843496016 4.0
66.62016233245306 334.4907585255382 4.0
40.37400042216501 333.5429361786436 4.0
67.85588223270378 457.0905800326692 4.0
64.90520522566945 553.5756093380601 4.0
57.797968727362814 181.64964491441776 4.0
36.30720393972657 122.2851958028061 4.0
39.53579644840938 834.5628716263127 4.0
33.99445479557158 554.7565403070518 4.0
61.957192565724455 120.67327738813344 4.0
59.63790273654606 106.48804310106414 4.0
49.14000875118997 165.3019223211736 4.0
56.34238840287869 299.37799799133467 4.0
48.988254642451125 761.5563049753846 4.0
64.84710508017754 377.3142033261091 4.0
63.98147401110964 120.0145194868322 4.0
57.2216863887811 113.79516715188016 4.0
61.33747478738141 540.2267341038474 4.0
49.15000081797296 617.715419712424 4.0
47.93220721489981 147.8708849639321 4.0
57.377301740967454 110.47147190771176 4.0
33.27323036183477 755.0078268006165 4.0
47.33486391575812 273.90223091388634 4.0
44.199113603242886 178.70492967448934 4.0
52.20099518913353 170.14503136671289 4.0
44.93644058592838 262.019955448418 4.0
48.04339522579239 301.7647318829249 4.0
72.31755444275734 267.9238896575143 4.0
51.13387079647334 244.4795737429233 4.0
72.5684459764909 216.54945358841 4.0
52.79245959839349 129.42114051835824 4.0
48.73979582559884 103.86090317511928 4.0
36.445557200289535 357.8834250645628 4.0
52.94180314330836 309.722401726 4.0
43.14560378442189 116.48622955981486 4.0
69.11673639778219 517.9308082177957 4.0
65.0979624954762 437.24279811975657 4.0
50.85673748852256 208.8051897398106 4.0
69.45192314147236 163.8493823385812 4.0
37.38095498578938 121.24038577740052 4.0
58.99900326428335 180.77352582533695 4.0
63.38424922516564 92.36460494105437 4.0
46.06798049534195 552.3662449814445 4.0
55.031337340012094 384.2507599079108 4.0
55.63028344241823 99.06843593319878 4.0
61.91280754734542 202.83865467640425 4.0
47.88065219934146 568.8152969443915 4.0
64.68290061044843 80.59570859904395 4.0
41.86717343223256 574.3242953285297 4.0
51.42588107169324 209.0114836034539 4.0
47.79704305048102 141.29187576703515 4.0
49.36877969494198 110.4340090674508 4.0
41.93878938295409 97.3235649738023 4.0
32.88928921720784 326.95122351547934 4.0
53.451499916882085 598.7402560952521 4.0
55.4748170055545 46.24858976514294 4.0
46.55628219518606 731.6821279310703 4.0
61.31969494815296 92.31473454968634 4.0
62.419383558006864 145.3620211778919 4.0
66.1052954280202 133.4600327914663 4.0
66.57712068567388 593.8852362763296 4.0
62.267492956386334 172.47175221355124 4.0
77.15856154099103 103.87201025275871 4.0
27.985766062949526 457.2030902246898 4.0
51.48795493397412 90.93103488564432 4.0
47.97895715312429 177.93053070886685 4.0
43.58734485388047 213.51375560671835 4.0
49.28023793431873 133.63515204406093 4.0
43.64570333333118 85.02978790163179 4.0
46.28547535082385 89.97008609706859 4.0
59.41070939449125 169.53571018969387 4.0
74.36407286620174 488.0561043460288 4.0
28.94264100567095 217.55864262248116 4.0
45.29734250078657 275.6496340447499 4.0
54.26517392387085 108.47437987006133 4.0
50.47288994451234 138.16508048527024 4.0
48.46612727957567 80.0959896746916 4.0
45.1462260581804 773.7073631511672 4.0
65.60449523674302 192.97024869588628 4.0
62.94932367477772 539.0033938372718 4.0
58.83394013435787 583.3081340496489 4.0
63.05025039435516 64.3342798396633 4.0
66.22288055830488 166.2021407797555 4.0
55.127957895889374 426.1507799734804 4.0
60.87721293597071 195.23099375447632 4.0
58.628045547440486 221.68446697984407 4.0
31.38021108903673 232.99497647064123 4.0
59.14249451539449 324.7434460987326 4.0
64.14570952435218 1139.8234045790434 4.0
70.37753897406812 559.312614181663 4.0
53.158402133304456 168.47495802797764 4.0
63.08605814489716 225.76256290332324 5.0
69.51812586849745 125.07967384252927 5.0
67.06836869991868 229.9687665517711 5.0
71.61597008830874 35.40237329218643 5.0
56.39761255779506 333.3312828661927 5.0
56.694078094135335 476.3774822075433 5.0
49.42331689205469 474.4324847701925 5.0
75.24709964732911 54.81655997849579 5.0
77.21524895781164 69.89112296910992 5.0
56.07322449424792 612.478620609623 5.0
60.16555754688954 220.86835088375483 5.0
63.2748081294433 260.6889021875031 5.0
73.07119380551181 104.8423623928916 5.0
73.09580724988857 373.8282247452663 5.0
59.60241536901956 71.46692189528676 5.0
80.95972219928362 102.00261916757454 5.0
83.39488299017779 63.98497855563532 5.0
47.63281283313522 173.19105653223622 5.0
65.64147233613369 127.36731158562066 5.0
77.1832131815533 130.84357696958162 5.0
78.30822168836268 173.60737645424038 5.0
63.598571911141626 110.81244346534544 5.0
49.360868629020025 242.64321994630905 5.0
44.64470598838385 180.4237901033176 5.0
55.93020551709081 59.04739858593958 5.0
56.257097579753214 117.63170635054958 5.0
69.2806746352863 451.40450358489824 5.0
61.50562191389695 176.81873575072228 5.0
59.05624060621961 720.8999029544376 5.0
62.70776009803603 174.65557283935732 5.0
66.40519147739299 508.2831618877591 5.0
53.75861906005928 205.21294380224424 5.0
68.89405014319021 108.44678202231732 5.0
56.492093798449126 482.2715232915537 5.0
54.78143590564327 633.5316969690531 5.0
79.50273573817763 155.74399449121827 5.0
57.714770775686745 446.3151394682074 5.0
66.91569986645128 223.9572662264275 5.0
76.29130436605539 76.09870942828091 5.0
93.9027297310679 390.3086482793601 5.0
60.13941274388675 129.46851256880365 5.0
79.08065369725716 519.1613136074461 5.0
68.59954424707092 592.8968225999531 5.0
87.51754126005963 225.66833095572596 5.0
58.18890899411301 140.6475123992917 5.0
70.98223402386391 75.11881320020802 5.0
67.73316511733695 108.36045755511785 5.0
64.99465938184869 402.8334432706095 5.0
67.87769950114117 249.08508896779017 5.0
40.64798329934819 79.31315670260342 5.0
61.68519965209038 802.9186327150323 5.0
87.98923500731375 94.1759365449792 5.0
67.58806805973444 137.4957422809328 5.0
45.725656789829394 382.62292733844384 5.0
61.29304508197493 420.6582770472904 5.0
51.615029211251695 211.53977892445343 5.0
59.42197199815866 50.7499469258509 5.0
47.34970455649703 248.36779640286625 5.0
64.36892202177184 93.22348417091968 5.0
65.6866079663447 315.82747908499243 5.0
76.60069081843 212.3036474353988 5.0
59.931894468358415 322.7605203193075 5.0
75.39774573349827 87.2885996283201 5.0
67.62134861715698 94.7096525534659 5.0
58.43608319490613 97.04763441818756 5.0
73.65081883521053 195.98979235294823 5.0
44.99575600534514 105.66633755184937 5.0
55.83980525135164 351.048536863758 5.0
49.908909347286304 120.1332467971841 5.0
61.89865115711672 383.4665796453385 5.0
51.74722049663666 377.0708440132429 5.0
64.73963918709713 60.31508465152208 5.0
64.41028254113526 322.98979206262925 5.0
58.951326538837584 400.4555892486376 5.0
76.56708536366115 231.75831221836492 5.0
52.78003051701318 453.4568431520421 5.0
70.6249460552498 304.1875453157537 5.0
74.39583693201875 291.5198515237319 5.0
49.44775123967689 117.21721907887432 5.0
51.92091069402594 475.0076040406751 5.0
68.48291570080343 248.71404224076264 5.0
61.72574535940651 244.25392694955707 5.0
72.5817724771586 186.63760478681124 5.0
79.25251640688467 100.71567614396368 5.0
50.7649106685715 121.07434122145374 5.0
70.99068848706735 145.8711478895441 5.0
44.835005296451776 84.27682860693817 5.0
33.99445479557158 554.7565403070518 5.0
61.957192565724455 120.67327738813344 5.0
65.1772483627272 300.0265971213461 5.0
49.14000875118997 165.3019223211736 5.0
70.1631877843539 214.2064968974226 5.0
77.80112546516357 101.89461647463357 5.0
57.2216863887811 113.79516715188016 5.0
69.65602202735259 321.5107064345584 5.0
47.93220721489981 147.8708849639321 5.0
61.51632849801957 130.14414241023172 5.0
59.75985052859427 215.93795828209977 5.0
59.17526351236438 610.2890140586322 5.0
48.04339522579239 301.7647318829249 5.0
72.31755444275734 267.9238896575143 5.0
57.050527494347335 245.35076501673984 5.0
77.95260362967902 46.690347291067845 5.0
53.39876805029324 112.12592002368277 5.0
57.90526938102377 398.27328170183085 5.0
74.8819368309594 182.5047805767962 5.0
79.02326520252558 98.72877562762726 5.0
65.24274520779674 764.3575656507652 5.0
80.38155731632303 179.66002511036973 5.0
64.9729389752055 62.67786265450721 5.0
63.38424922516564 92.36460494105437 5.0
50.86131127865452 232.5732331519355 5.0
62.32490119340045 164.17245069257777 5.0
55.63028344241823 99.06843593319878 5.0
71.4403856612686 109.55028866284036 5.0
55.71446457274727 210.052360487732 5.0
64.69261107802946 326.75169743858226 5.0
47.79704305048102 141.29187576703515 5.0
62.7783313983244 674.1007883094514 5.0
41.93878938295409 97.3235649738023 5.0
63.14915427157658 281.2484516243353 5.0
66.08654894827234 56.5858899456034 5.0
62.419383558006864 145.3620211778919 5.0
66.1052954280202 133.4600327914663 5.0
84.00786001073668 85.3498044127611 5.0
59.85100629564482 133.4301431483661 5.0
49.28023793431873 133.63515204406093 5.0
43.64570333333118 85.02978790163179 5.0
61.022170058076895 176.27309318511604 5.0
73.12849116736051 566.7647761993485 5.0
81.86045169512671 56.27053812320596 5.0
50.47288994451234 138.16508048527024 5.0
51.02931077134637 194.4643999716858 5.0
81.22263359465441 195.4292674386482 5.0
76.06061363247846 100.90895589688569 5.0
75.24934767871157 306.0927504863604 5.0
55.127957895889374 426.1507799734804 5.0
60.87721293597071 195.23099375447632 5.0
63.92846671594332 119.58240712504548 5.0
59.14249451539449 324.7434460987326 5.0
77.9360669736671 648.9119894366646 5.0
76.27042388360992 134.4718425599145 5.0
63.08605814489716 225.76256290332324 6.0
80.3706121307986 83.38389151325599 6.0
85.04850559714914 272.57494042926913 6.0
73.48493470549276 178.32707694820388 6.0
75.24709964732911 54.81655997849579 6.0
77.21524895781164 69.89112296910992 6.0
63.2748081294433 260.6889021875031 6.0
80.0426750407144 75.98594058661162 6.0
76.77824398286752 102.9699102100576 6.0
95.2549931587843 98.72666668791024 6.0
96.99418826037824 339.74230991538207 6.0
71.59346832843909 65.46408145554327 6.0
91.77184818226384 216.4764473051348 6.0
70.23110080935757 81.60895315841874 6.0
49.360868629020025 242.64321994630905 6.0
62.70776009803603 174.65557283935732 6.0
71.64881599733246 191.6274163956904 6.0
71.4913641805669 944.422286558481 6.0
61.6005232183227 276.7983692756557 6.0
86.27208556420469 175.9316861501361 6.0
66.91569986645128 223.9572662264275 6.0
83.85281052926128 281.5153758687751 6.0
109.84206306939028 101.48307520860824 6.0
60.13941274388675 129.46851256880365 6.0
92.9424699583965 312.5611451189193 6.0
86.28750084515995 426.4336623172306 6.0
93.88836037887746 127.08472696208624 6.0
65.73582051206564 290.7364950622099 6.0
80.89184641466949 104.24271241429464 6.0
73.96319107852212 108.75120843177837 6.0
70.15675567879612 43.88202171074765 6.0
83.47673479821763 257.5046040682651 6.0
87.98923500731375 94.1759365449792 6.0
68.65904096871829 177.52217071319765 6.0
59.42197199815866 50.7499469258509 6.0
61.1856840185504 469.76323127280153 6.0
70.50564544008539 112.3987004615468 6.0
76.60069081843 212.3036474353988 6.0
64.70803480227195 161.11375171949513 6.0
75.39774573349827 87.2885996283201 6.0
78.73624267067126 90.38664804333251 6.0
65.56109918874897 176.66835315526458 6.0
73.65081883521053 195.98979235294823 6.0
65.74538683418199 176.57013944966775 6.0
49.908909347286304 120.1332467971841 6.0
68.80802313290263 68.04603805493932 6.0
57.77952345027218 169.35590099746483 6.0
78.10746071529768 103.94789954660396 6.0
65.94216184028069 284.65556516454296 6.0
76.56708536366115 231.75831221836492 6.0
59.8502007667128 253.87205004556637 6.0
70.6249460552498 304.1875453157537 6.0
87.93813998366944 93.3451790748762 6.0
67.03884996471677 300.6384248005017 6.0
79.02551619478288 369.1185721535673 6.0
90.5165453938854 560.188380931848 6.0
90.32350689967384 85.24514518079972 6.0
67.82330123603508 676.8424086926916 6.0
70.99068848706735 145.8711478895441 6.0
44.835005296451776 84.27682860693817 6.0
70.48703896678359 114.80334329026589 6.0
80.02176634915843 516.2364174819054 6.0
82.2258700204246 53.1906154699715 6.0
85.45384180722081 752.3371877951331 6.0
68.03069392811467 173.48299166229398 6.0
67.10239431742094 187.36165895882257 6.0
59.17526351236438 610.2890140586322 6.0
63.2729135522431 77.36307499080232 6.0
83.21464477582747 39.69777467104138 6.0
59.57006405176621 321.11942399544654 6.0
57.90526938102377 398.27328170183085 6.0
74.8819368309594 182.5047805767962 6.0
96.0176149382915 243.1961382045279 6.0
78.94386109253568 97.44189511708753 6.0
87.25698444830397 149.0023784946098 6.0
72.32687113660835 79.2223091540925 6.0
58.11465507074342 394.3303878593941 6.0
68.28569617211886 158.4172144153588 6.0
77.24631699158417 145.94081932027714 6.0
62.4478539758699 229.6411041923176 6.0
70.61984995915363 83.6516557268746 6.0
75.33607856807902 106.58275644831863 6.0
77.64514519150303 269.3214388250905 6.0
79.43231538906662 209.19378502755063 6.0
91.3469112321399 102.00940744039436 6.0
66.09782395650092 59.15054263074545 6.0
68.24431172361068 113.72207491365512 6.0
88.26468167467476 371.0733777253762 6.0
81.86045169512671 56.27053812320596 6.0
61.98104881945485 176.5998161307972 6.0
86.84846628165414 36.47544443652595 6.0
89.4914276436461 113.98138579210205 6.0
80.68360637748776 66.41118009662769 6.0
71.23503272794187 133.53619338029392 6.0
77.9360669736671 648.9119894366646 6.0
76.27042388360992 134.4718425599145 6.0
92.62258955802392 210.89488082974643 7.0
98.10406096423463 245.74019844218708 7.0
79.66200893705764 87.36582716437508 7.0
80.0426750407144 75.98594058661162 7.0
82.50640505845185 43.55734135778242 7.0
95.2549931587843 98.72666668791024 7.0
103.34627069961032 135.25994344432098 7.0
71.59346832843909 65.46408145554327 7.0
91.77184818226384 216.4764473051348 7.0
70.23110080935757 81.60895315841874 7.0
82.1808489652743 173.5139174372876 7.0
79.64023380230468 242.2994449618504 7.0
61.6005232183227 276.7983692756557 7.0
95.4192222082148 68.82057007661994 7.0
83.85281052926128 281.5153758687751 7.0
115.958216451872 78.29498222253527 7.0
92.9424699583965 312.5611451189193 7.0
99.5730499511415 128.73935935236983 7.0
106.90309839662166 78.72369464276403 7.0
70.78365401794844 212.7914881708896 7.0
94.16180093441264 157.78780182732504 7.0
85.27056309931167 246.7175417227056 7.0
75.26769044489504 89.7818982787525 7.0
92.67520358247 92.436581613034 7.0
68.65904096871829 177.52217071319765 7.0
76.96894349899836 479.1105276343302 7.0
79.4894336067337 326.37608245002184 7.0
78.59943836057099 733.6948490904058 7.0
90.90775963600396 99.9740761062826 7.0
70.68125221928872 43.98470319389214 7.0
65.74538683418199 176.57013944966775 7.0
68.80802313290263 68.04603805493932 7.0
64.69962359483293 222.23906743743927 7.0
78.10746071529768 103.94789954660396 7.0
65.94216184028069 284.65556516454296 7.0
75.87131698285505 369.0959042359739 7.0
87.93813998366944 93.3451790748762 7.0
67.03884996471677 300.6384248005017 7.0
87.86548788684367 114.10235160349218 7.0
103.43564705339205 421.5865326172192 7.0
103.59027909966896 369.2455662725254 7.0
74.73882293579719 123.49811275804213 7.0
76.56486334760557 172.7425064683312 7.0
93.32240693000738 680.9861049393758 7.0
87.5426363510575 101.28559433584007 7.0
85.45384180722081 752.3371877951331 7.0
75.05212842433649 344.71606951589234 7.0
77.7708401117754 598.6188843348018 7.0
67.51641944742723 81.9434374112951 7.0
88.83455616933088 41.83921071579042 7.0
66.41435252604764 68.12041667900445 7.0
105.46461270092416 87.45629427290946 7.0
92.3624342614021 315.9606458951508 7.0
93.38372380873736 96.13027406029964 7.0
88.86447175748293 156.1182978992228 7.0
63.84627916294356 60.50004287798304 7.0
75.7391733101747 214.4215354772954 7.0
77.24631699158417 145.94081932027714 7.0
76.08234595264354 503.0174052097647 7.0
70.61984995915363 83.6516557268746 7.0
82.494472261812 53.78776881635781 7.0
83.99110797653773 47.71574120017788 7.0
94.88104057222112 95.21568053052918 7.0
101.23114150745964 162.2958840337511 7.0
76.16197094397388 333.04465952769635 7.0
68.24431172361068 113.72207491365512 7.0
88.26468167467476 371.0733777253762 7.0
69.4150219993852 110.05996295978032 7.0
94.25449961053326 120.49556311204952 7.0
89.4914276436461 113.98138579210205 7.0
87.37629057566393 73.66221878246043 7.0
71.23503272794187 133.53619338029392 7.0
92.62258955802392 210.89488082974643 8.0
112.26397365085111 268.8377002264343 8.0
92.9381154752756 145.61579752315998 8.0
82.50640505845185 43.55734135778242 8.0
103.34627069961032 135.25994344432098 8.0
89.35451110366807 58.4661280347289 8.0
92.9995875179982 345.1357244981305 8.0
102.08281235142644 182.63099506513404 8.0
115.958216451872 78.29498222253527 8.0
99.5730499511415 128.73935935236983 8.0
106.90309839662166 78.72369464276403 8.0
76.71183964558651 48.23548848378999 8.0
94.16180093441264 157.78780182732504 8.0
90.35725123527683 112.6075720539095 8.0
89.17809308797467 233.39428569239104 8.0
92.67520358247 92.436581613034 8.0
84.36521786596133 108.63358909349004 8.0
85.69966670264881 150.82479866699327 8.0
88.88356832952822 109.53222509799517 8.0
90.90775963600396 99.9740761062826 8.0
80.2417821399117 78.89250676115945 8.0
77.99106572471177 403.4967203943113 8.0
81.92820807079136 124.158535246241 8.0
93.65712864579552 81.18090967359932 8.0
116.27375488769503 183.0313437359329 8.0
103.59027909966896 369.2455662725254 8.0
84.12985666814342 283.14822682196274 8.0
80.53424334268432 35.72430445507826 8.0
93.32240693000738 680.9861049393758 8.0
94.67274700640466 68.44053421018354 8.0
88.3229993663589 94.0317389828478 8.0
84.22478403045173 169.79982951244142 8.0
76.95545525658159 80.8079246085823 8.0
94.5578024167083 134.658865933443 8.0
66.41435252604764 68.12041667900445 8.0
115.22495228470986 165.24697589044516 8.0
105.50853062444192 135.24130216176596 8.0
98.8670689800218 56.509106709463175 8.0
88.86447175748293 156.1182978992228 8.0
76.60127317105015 95.28224672758584 8.0
75.7391733101747 214.4215354772954 8.0
89.72976639563461 344.8633543464427 8.0
87.0576980541806 68.41221897939626 8.0
89.73311524986127 62.56324714271922 8.0
94.88104057222112 95.21568053052918 8.0
106.81290309937113 63.28375769996187 8.0
76.16197094397388 333.04465952769635 8.0
74.22851110221652 133.41640835265392 8.0
101.45842836109875 208.8872044948138 8.0
87.37629057566393 73.66221878246043 8.0
117.26524561251787 96.12122699236888 9.0
105.05068135723054 401.6012990363253 9.0
94.4185192345686 84.41515033935738 9.0
105.08844792851244 279.77389839501046 9.0
107.92269152722116 136.7541332696328 9.0
82.14005370348437 73.4771325372826 9.0
90.35725123527683 112.6075720539095 9.0
102.60431676261744 411.1536711943426 9.0
84.36521786596133 108.63358909349004 9.0
98.5513885373243 82.21295191613439 9.0
96.58364435907176 65.64699553107697 9.0
85.76032596657105 64.6909452687021 9.0
77.99106572471177 403.4967203943113 9.0
81.92820807079136 124.158535246241 9.0
100.18540628318756 169.54267808690798 9.0
122.66642667283044 115.8238303027458 9.0
84.12985666814342 283.14822682196274 9.0
80.53424334268432 35.72430445507826 9.0
109.68585204333938 96.25215168299658 9.0
88.3229993663589 94.0317389828478 9.0
84.22478403045173 169.79982951244142 9.0
83.88882667159474 239.6633446098849 9.0
94.5578024167083 134.658865933443 9.0
115.22495228470986 165.24697589044516 9.0
105.50853062444192 135.24130216176596 9.0
105.06384218582974 182.83816126807196 9.0
80.94743693172296 38.540433116939326 9.0
89.72976639563461 344.8633543464427 9.0
100.23817445181272 315.7791394203522 9.0
95.21106100209184 151.04558499184216 9.0
119.30170286402976 148.74384078937513 9.0
74.22851110221652 133.41640835265392 9.0
101.45842836109875 208.8872044948138 9.0
117.26524561251787 96.12122699236888 10.0
118.55190304386116 204.31069464687127 10.0
101.05103957196668 39.91509118284553 10.0
105.08844792851244 279.77389839501046 10.0
107.92269152722116 136.7541332696328 10.0
82.14005370348437 73.4771325372826 10.0
102.60431676261744 411.1536711943426 10.0
111.94598270847683 244.97874939659653 10.0
109.5835738774018 75.8113613384831 10.0
91.89891030586703 191.402837592541 10.0
107.43551761187838 91.01877483265832 10.0
129.58034863036065 55.45307549211991 10.0
122.41197444297336 121.01602601831335 10.0
83.88882667159474 239.6633446098849 10.0
111.13488304997504 54.588319304640514 10.0
80.94743693172296 38.540433116939326 10.0
105.788896933202 114.361743937255 10.0
112.50680961860608 235.48660720996875 10.0
131.58135277378128 144.0589711241422 10.0
118.55190304386116 204.31069464687127 11.0
106.70791404004356 51.33975886489623 11.0
111.94598270847683 244.97874939659653 11.0
115.12116594537632 84.82102342101587 11.0
91.89891030586703 191.402837592541 11.0
107.43551761187838 91.01877483265832 11.0
129.58034863036065 55.45307549211991 11.0
137.65801485276737 137.42855660811162 11.0
121.9086654281922 131.32549748963189 11.0
105.788896933202 114.361743937255 11.0
125.14106728620216 376.4915162961866 11.0
137.24992249744494 37.59774687457708 11.0
118.46874109608436 183.37851404003652 12.0
115.12116594537632 84.82102342101587 12.0
145.01056309973023 48.71648667404799 12.0
130.19102945981382 49.15559849854832 12.0
137.24992249744494 37.59774687457708 12.0
124.96952681948147 115.85459119940428 13.0
145.01056309973023 48.71648667404799 13.0
130.19102945981382 49.15559849854832 13.0
133.82259733315732 121.46480305095676 14.0
133.82259733315732 121.46480305095676 15.0
